1.000000	
1.030301	
1.061208	
1.092727	
1.124864	
1.157625	
1.191016	
1.225043	
1.259712	
1.295029	
1.331000	
1.367631	
1.404928	
1.442897	
1.481544	
1.520875	
1.560896	
1.601613	
1.643032	
1.685159	
1.728000	
1.771561	
1.815848	
1.860867	
1.906624	
1.953125	
2.000376	
2.048383	
2.097152	
2.146689	
2.197000	
2.248091	
2.299968	
2.352637	
2.406104	
2.460375	
2.515456	
2.571353	
2.628072	
2.685619	
2.744000	
2.803221	
2.863288	
2.924207	
2.985984	
3.048625	
3.112136	
3.176523	
3.241792	
3.307949	
3.375000	
3.442951	
3.511808	
3.581577	
3.652264	
3.723875	
3.796416	
3.869893	
3.944312	
4.019679	
4.096000	
4.173281	
4.251528	
4.330747	
4.410944	
4.492125	
4.574296	
4.657463	
4.741632	
4.826809	
4.913000	
5.000211	
5.088448	
5.177717	
5.268024	
5.359375	
5.451776	
5.545233	
5.639752	
5.735339	
5.832000	
5.929741	
6.028568	
6.128487	
6.229504	
6.331625	
6.434856	
6.539203	
6.644672	
6.751269	
6.859000	
6.967871	
7.077888	
7.189057	
7.301384	
7.414875	
7.529536	
7.645373	
7.762392	
7.880599	
8.000000	
