0.000000	
0.000000	
0.000000	
0.000000	
0.000000	
0.000000	
0.000000	
0.000000	
0.000000	
0.000000	
0.000000	
0.000000	
0.000000	
0.000000	
0.000000	
0.000000	
0.000000	
0.000000	
0.000000	
0.000000	
0.000000	
0.000000	
0.000000	
0.000000	
0.000000	
0.000000	
0.000000	
0.000000	
0.000000	
0.000000	
0.000000	
0.000000	
0.000000	
0.000000	
0.000000	
0.000000	
0.000000	
0.000000	
0.000000	
0.000000	
0.000000	
0.000000	
0.000000	
0.000000	
0.000000	
0.000000	
0.000000	
0.000000	
0.000000	
0.000000	
0.000000	
0.000000	
0.000000	
0.000000	
0.000000	
0.000000	
0.000000	
0.000000	
0.000000	
0.000000	
0.000000	
0.000000	
0.000000	
0.000000	
0.000000	
0.000000	
0.000000	
0.000000	
0.000000	
0.000000	
0.000000	
0.000000	
0.000000	
0.000000	
0.000000	
0.000000	
0.000000	
0.000000	
0.000000	
0.000000	
0.000000	
0.000000	
0.000000	
0.000000	
0.000000	
0.000000	
0.000000	
0.000000	
0.000000	
0.000000	
0.000000	
0.000000	
0.000000	
0.000000	
0.000000	
0.000000	
0.000000	
0.000000	
0.000000	
0.000000	
0.000000	
0.000000	
0.000000	
0.000000	
0.000001	
0.000001	
0.000004	
0.000008	
0.000015	
0.000028	
0.000048	
0.000079	
0.000125	
0.000189	
0.000279	
0.000400	
0.000560	
0.000769	
0.001037	
0.001374	
0.001795	
0.002313	
0.002944	
0.003706	
0.004617	
0.005698	
0.006971	
0.008460	
0.010190	
0.012188	
0.014483	
0.017105	
0.020085	
0.023458	
0.027258	
0.031521	
0.036287	
0.041594	
0.047484	
0.053998	
0.061180	
0.069074	
0.077726	
0.087183	
0.097493	
0.108703	
0.120862	
0.134020	
0.148226	
0.163531	
0.179984	
0.197636	
0.216536	
0.236733	
0.258277	
0.281214	
0.305593	
0.331460	
0.358858	
0.387833	
0.418424	
0.450673	
0.484618	
0.520294	
0.557736	
0.596975	
0.638040	
0.680957	
0.725751	
0.772443	
0.821051	
0.871590	
0.924072	
0.978507	
1.034902	
1.093259	
1.153579	
1.215860	
1.280096	
1.346279	
1.414396	
1.484436	
1.556380	
1.630210	
1.705904	
1.783438	
1.862787	
1.943922	
2.026813	
2.111428	
2.197734	
2.285696	
2.375277	
2.466440	
2.559146	
2.653356	
2.749029	
2.846124	
2.944600	
3.044414	
3.145525	
3.247889	
3.351463	
3.456207	
3.562076	
3.669029	
3.777023	
3.886017	
3.995969	
4.106840	
4.218588	
4.331173	
4.444558	
4.558703	
4.673571	
4.789125	
4.905330	
5.022149	
5.139548	
5.257493	
5.375953	
5.494894	
5.614286	
5.734098	
5.854301	
5.974866	
6.095766	
6.216974	
6.338463	
6.460209	
6.582187	
6.704372	
6.826744	
6.949278	
7.071955	
7.194753	
7.317652	
7.440633	
7.563678	
7.686769	
7.809888	
7.933020	
8.056147	
8.179255	
8.302329	
8.425355	
8.548319	
8.671208	
8.794009	
8.916710	
9.039300	
9.161767	
9.284100	
9.406290	
9.528327	
9.650200	
9.771902	
9.893423	
10.014754	
10.135889	
10.256819	
10.377537	
10.498036	
10.618309	
10.738351	
10.858154	
10.977714	
11.097024	
11.216079	
11.334874	
11.453405	
11.571667	
11.689655	
11.807365	
11.924793	
12.041936	
12.158790	
12.275351	
12.391617	
12.507584	
12.623249	
12.738609	
12.853663	
12.968407	
13.082839	
13.196957	
13.310760	
13.424244	
13.537408	
13.650251	
13.762771	
13.874966	
13.986836	
14.098377	
14.209591	
14.320475	
14.431028	
14.541250	
14.651139	
14.760695	
14.869917	
14.978804	
15.087356	
15.195573	
15.303453	
15.410997	
15.518204	
15.625074	
15.731606	
15.837801	
15.943659	
16.049178	
16.154360	
16.259204	
16.363710	
16.467878	
16.571709	
16.675203	
16.778359	
16.881179	
16.983662	
17.085808	
17.187619	
17.289094	
17.390233	
17.491038	
17.591508	
17.691644	
17.791447	
17.890917	
17.990054	
18.088859	
18.187333	
18.285477	
18.383290	
18.480773	
18.577928	
18.674754	
18.771252	
18.867424	
18.963269	
19.058789	
19.153984	
19.248855	
19.343403	
19.437628	
19.531531	
19.625114	
19.718375	
19.811318	
19.903942	
19.996247	
20.088236	
20.179909	
20.271266	
20.362308	
20.453037	
20.543453	
20.633557	
20.723349	
20.812832	
20.902004	
20.990869	
21.079425	
21.167675	
21.255619	
21.343257	
21.430592	
21.517623	
21.604352	
21.690779	
21.776906	
21.862733	
21.948261	
22.033491	
22.118424	
22.203062	
22.287404	
22.371451	
22.455206	
22.538668	
22.621838	
22.704718	
22.787308	
22.869609	
22.951622	
23.033348	
23.114789	
23.195944	
23.276815	
23.357402	
23.437707	
23.517731	
23.597474	
23.676937	
23.756121	
23.835028	
23.913657	
23.992011	
24.070089	
24.147893	
24.225424	
24.302682	
24.379669	
24.456385	
24.532831	
24.609009	
24.684918	
24.760560	
24.835936	
24.911047	
24.985894	
25.060476	
25.134797	
25.208855	
25.282653	
25.356190	
25.429469	
25.502489	
25.575252	
25.647758	
25.720009	
25.792005	
25.863747	
25.935236	
26.006473	
26.077458	
26.148193	
26.218679	
26.288916	
26.358904	
26.428646	
26.498142	
26.567392	
26.636398	
26.705160	
26.773679	
26.841956	
26.909993	
26.977788	
27.045345	
27.112662	
27.179742	
27.246585	
27.313192	
27.379563	
27.445700	
27.511602	
27.577273	
27.642710	
27.707917	
27.772893	
27.837640	
27.902157	
27.966447	
28.030509	
28.094344	
28.157954	
28.221339	
28.284500	
28.347438	
28.410153	
28.472646	
28.534918	
28.596970	
28.658803	
28.720417	
28.781813	
28.842992	
28.903954	
28.964701	
29.025233	
29.085551	
29.145656	
29.205548	
29.265228	
29.324697	
29.383956	
29.443005	
29.501846	
29.560478	
29.618903	
29.677121	
29.735134	
29.792941	
29.850544	
29.907943	
29.965139	
30.022133	
30.078926	
30.135518	
30.191909	
30.248101	
30.304095	
30.359891	
30.415489	
30.470891	
30.526097	
30.581108	
30.635925	
30.690547	
30.744977	
30.799215	
30.853260	
30.907115	
30.960780	
31.014255	
31.067541	
31.120639	
31.173549	
31.226273	
31.278810	
31.331162	
31.383329	
31.435311	
31.487110	
31.538727	
31.590161	
31.641414	
31.692486	
31.743377	
31.794089	
31.844622	
31.894977	
31.945155	
31.995155	
32.044979	
32.094627	
32.144101	
32.193400	
32.242525	
32.291477	
32.340256	
32.388864	
32.437300	
32.485566	
32.533662	
32.581588	
32.629346	
32.676936	
32.724358	
32.771613	
32.818702	
32.865625	
32.912383	
32.958977	
33.005407	
33.051673	
33.097777	
33.143719	
33.189499	
33.235119	
33.280578	
33.325877	
33.371018	
33.416000	
33.460823	
33.505490	
33.550000	
33.594354	
33.638552	
33.682595	
33.726483	
33.770218	
33.813799	
33.857228	
33.900504	
33.943629	
33.986603	
34.029426	
34.072100	
34.114623	
34.156999	
34.199225	
34.241305	
34.283236	
34.325022	
34.366661	
34.408155	
34.449503	
34.490708	
34.531768	
34.572685	
34.613459	
34.654091	
34.694581	
34.734930	
34.775138	
34.815206	
34.855134	
34.894923	
34.934573	
34.974086	
35.013460	
35.052698	
35.091799	
35.130764	
35.169594	
35.208288	
35.246848	
35.285274	
35.323566	
35.361726	
35.399752	
35.437647	
35.475411	
35.513043	
35.550545	
35.587916	
35.625159	
35.662272	
35.699256	
35.736113	
35.772841	
35.809443	
35.845918	
35.882267	
35.918490	
35.954588	
35.990561	
36.026410	
36.062135	
36.097737	
36.133216	
36.168572	
36.203807	
36.238920	
36.273912	
36.308783	
36.343534	
36.378166	
36.412679	
36.447072	
36.481348	
36.515505	
36.549545	
36.583469	
36.617275	
36.650966	
36.684541	
36.718001	
36.751346	
36.784576	
36.817693	
36.850696	
36.883587	
36.916364	
36.949030	
36.981584	
37.014026	
37.046358	
37.078579	
37.110690	
37.142691	
37.174584	
37.206367	
37.238042	
37.269609	
37.301069	
37.332421	
37.363667	
37.394806	
37.425839	
37.456767	
37.487590	
37.518308	
37.548921	
37.579431	
37.609837	
37.640140	
37.670341	
37.700439	
37.730435	
37.760329	
37.790123	
37.819815	
37.849407	
37.878899	
37.908292	
37.937585	
37.966779	
37.995875	
38.024872	
38.053772	
38.082575	
38.111280	
38.139889	
38.168402	
38.196818	
38.225139	
38.253365	
38.281497	
38.309533	
38.337476	
38.365325	
38.393080	
38.420743	
38.448313	
38.475790	
38.503176	
38.530470	
38.557673	
38.584785	
38.611806	
38.638738	
38.665579	
38.692331	
38.718993	
38.745567	
38.772053	
38.798450	
38.824759	
38.850981	
38.877116	
38.903164	
38.929126	
38.955001	
38.980790	
39.006495	
39.032113	
39.057648	
39.083097	
39.108463	
39.133744	
39.158942	
39.184057	
39.209089	
39.234038	
39.258905	
39.283690	
39.308394	
39.333016	
39.357557	
39.382017	
39.406397	
39.430697	
39.454917	
39.479058	
39.503119	
39.527102	
39.551006	
39.574831	
39.598579	
39.622249	
39.645842	
39.669357	
39.692796	
39.716158	
39.739445	
39.762655	
39.785789	
39.808849	
39.831833	
39.854742	
39.877577	
39.900338	
39.923025	
39.945638	
39.968178	
39.990645	
40.013039	
40.035360	
40.057610	
40.079787	
40.101893	
40.123927	
40.145890	
40.167782	
40.189604	
40.211355	
40.233036	
40.254648	
40.276190	
40.297662	
40.319066	
40.340401	
40.361668	
40.382866	
40.403996	
40.425059	
40.446054	
40.466982	
40.487843	
40.508637	
40.529365	
40.550027	
40.570623	
40.591153	
40.611618	
40.632017	
40.652352	
40.672622	
40.692828	
40.712969	
40.733047	
40.753060	
40.773011	
40.792898	
40.812722	
40.832483	
40.852182	
40.871819	
40.891393	
40.910906	
40.930357	
40.949747	
40.969076	
40.988344	
41.007551	
41.026698	
41.045785	
41.064812	
41.083779	
41.102686	
41.121534	
41.140324	
41.159054	
41.177726	
41.196339	
41.214894	
41.233392	
41.251831	
41.270213	
41.288538	
41.306806	
41.325016	
41.343171	
41.361268	
41.379310	
41.397295	
41.415225	
41.433099	
41.450918	
41.468681	
41.486390	
41.504043	
41.521643	
41.539187	
41.556678	
41.574115	
41.591498	
41.608827	
41.626103	
41.643326	
41.660496	
41.677614	
41.694678	
41.711691	
41.728651	
41.745559	
41.762416	
41.779221	
41.795974	
41.812676	
41.829328	
41.845928	
41.862478	
41.878978	
41.895427	
41.911826	
41.928175	
41.944475	
41.960725	
41.976926	
41.993077	
42.009180	
42.025234	
42.041239	
42.057196	
42.073105	
42.088965	
42.104778	
42.120543	
42.136260	
42.151931	
42.167554	
42.183130	
42.198659	
42.214141	
42.229577	
42.244967	
42.260311	
42.275608	
42.290860	
42.306067	
42.321227	
42.336343	
42.351413	
42.366439	
42.381419	
42.396355	
42.411247	
42.426094	
42.440897	
42.455656	
42.470372	
42.485043	
42.499672	
42.514256	
42.528798	
42.543297	
42.557753	
42.572166	
42.586536	
42.600864	
42.615150	
42.629394	
42.643596	
42.657756	
42.671875	
42.685952	
42.699988	
42.713982	
42.727936	
42.741849	
42.755721	
42.769552	
42.783343	
42.797094	
42.810805	
42.824475	
42.838106	
42.851697	
42.865249	
42.878761	
42.892234	
42.905668	
42.919062	
42.932418	
42.945736	
42.959014	
42.972254	
42.985456	
42.998620	
43.011746	
43.024834	
43.037884	
43.050897	
43.063872	
43.076810	
43.089711	
43.102575	
43.115401	
43.128191	
43.140945	
43.153661	
43.166342	
43.178986	
43.191594	
43.204166	
43.216702	
43.229202	
43.241667	
43.254096	
43.266490	
43.278849	
43.291172	
43.303461	
43.315714	
43.327933	
43.340118	
43.352267	
43.364383	
43.376464	
43.388511	
43.400524	
43.412504	
43.424449	
43.436361	
43.448239	
43.460084	
43.471896	
43.483674	
43.495420	
43.507132	
43.518812	
43.530459	
43.542073	
43.553655	
43.565205	
43.576722	
43.588207	
43.599660	
43.611082	
43.622471	
43.633829	
43.645155	
43.656450	
43.667714	
43.678946	
43.690147	
43.701317	
43.712456	
43.723565	
43.734643	
43.745690	
43.756706	
43.767693	
43.778649	
43.789575	
