73.173899	
77.219381	
74.800009	
70.071632	
70.831863	
72.468131	
79.152620	
77.243549	
74.969605	
80.482773	
77.823519	
78.524266	
81.063873	
81.597047	
80.531179	
83.931558	
82.057971	
80.590077	
88.144972	
84.418401	
83.053525	
90.424514	
91.090182	
85.112787	
89.323909	
83.755101	
85.378505	
85.210045	
85.583117	
87.193608	
81.681112	
90.383984	
93.316137	
91.280602	
92.475906	
86.632226	
92.904596	
92.633532	
83.669756	
87.637555	
77.686589	
82.801351	
84.875938	
84.335299	
77.348273	
79.671585	
80.522304	
77.610068	
84.086961	
84.019419	
88.814966	
85.513528	
89.149037	
85.830544	
85.724820	
86.962579	
82.068489	
92.609398	
85.791199	
89.153218	
87.570516	
90.327434	
88.689892	
90.228746	
90.645982	
94.393367	
87.544039	
89.490625	
91.318895	
86.640457	
91.141155	
92.118517	
93.204190	
92.736170	
88.679057	
84.060105	
89.427768	
88.863358	
94.222098	
94.636389	
89.997937	
91.577941	
94.147552	
90.899237	
93.737401	
90.940793	
89.441175	
94.333602	
91.926599	
90.434649	
91.697449	
87.032681	
90.984062	
91.629996	
93.062066	
87.803201	
91.658167	
91.222761	
92.661121	
92.746526	
95.411781	
88.815801	
88.966870	
88.044521	
92.744800	
89.663426	
94.176485	
90.806849	
88.594075	
91.231265	
89.204236	
91.706845	
90.449852	
95.193891	
95.116666	
91.398929	
92.863974	
90.650212	
88.418433	
92.974646	
86.172671	
93.458657	
85.983077	
95.362812	
93.617956	
91.847024	
91.392967	
92.145106	
97.064871	
89.857470	
92.275576	
92.732718	
95.337895	
94.432061	
91.650484	
93.093245	
92.633532	
90.784822	
92.162263	
90.687447	
97.276743	
97.568289	
91.584767	
94.795275	
94.045049	
94.797926	
95.254304	
89.266152	
109.666025	
110.539374	
109.784558	
109.280158	
110.797294	
109.493757	
108.600314	
111.450861	
107.860886	
109.630455	
110.175033	
110.801307	
109.787113	
111.354433	
110.665287	
110.637390	
109.944836	
112.378679	
111.951571	
111.443958	
110.108837	
112.531575	
112.474633	
110.296248	
111.467439	
110.996191	
112.326554	
109.667297	
108.750491	
109.457185	
110.861595	
110.625445	
113.788927	
112.015443	
110.833439	
113.591540	
112.640119	
110.950331	
111.889326	
112.235691	
111.933159	
110.542017	
73.173899	
77.219381	
83.687636	
74.800009	
70.831863	
72.468131	
74.969605	
69.555347	
80.482773	
77.823519	
85.522532	
80.531179	
83.931558	
82.057971	
80.901597	
83.217415	
91.697449	
89.812083	
80.967794	
78.960873	
87.174619	
84.015351	
79.458817	
85.437414	
84.900429	
82.117036	
93.976782	
94.116875	
87.566379	
86.479194	
82.261090	
76.055643	
82.227096	
77.043752	
83.839657	
74.320828	
78.475937	
86.406012	
85.259098	
91.251678	
86.682441	
88.998607	
80.112566	
90.559712	
88.481673	
83.623436	
85.487335	
89.188343	
82.993506	
81.895382	
87.139124	
94.034542	
98.183322	
86.271232	
88.179024	
89.395094	
85.201053	
89.653353	
89.200890	
88.043691	
84.042203	
86.132439	
85.546273	
92.507755	
95.467019	
96.522753	
92.893359	
89.684412	
90.046759	
93.769687	
89.390906	
88.884221	
93.243226	
92.721501	
88.598239	
89.223477	
83.548689	
90.088862	
89.125626	
91.102074	
92.876937	
98.534263	
92.653361	
85.974053	
91.045175	
93.591822	
87.357989	
88.269589	
92.755157	
88.874206	
88.348566	
86.744200	
92.122805	
92.599056	
97.004722	
95.781410	
91.222761	
93.680710	
85.826445	
91.813672	
85.579023	
90.822100	
87.315847	
91.604392	
93.168638	
92.376120	
94.532400	
93.491712	
89.053746	
91.986535	
97.181681	
91.363162	
94.905799	
96.379997	
93.596177	
92.168269	
91.666706	
91.711970	
92.120232	
96.235732	
94.930577	
92.524114	
92.715461	
96.372777	
97.491147	
91.231265	
93.874483	
110.301477	
108.438906	
110.294941	
109.996362	
109.060981	
107.187065	
109.522803	
107.137394	
111.561641	
112.045324	
110.826741	
111.813211	
110.494488	
107.742738	
111.685621	
111.240694	
111.459148	
112.053870	
109.608886	
110.296248	
110.870988	
109.389233	
111.761232	
111.152064	
111.636771	
110.314553	
114.367179	
112.552059	
111.277623	
112.793806	
111.542210	
111.096357	
112.830952	
111.639559	
110.955721	
111.607520	
109.305189	
73.173899	
77.219381	
83.687636	
70.831863	
72.468131	
77.243549	
74.969605	
80.482773	
77.823519	
78.524266	
81.063873	
81.597047	
80.531179	
83.931558	
82.057971	
81.610787	
86.112737	
83.112743	
82.644136	
90.402559	
80.376291	
78.809422	
87.296844	
81.960087	
79.018073	
84.249780	
84.563484	
85.519258	
86.121767	
81.011391	
92.663708	
87.315020	
91.063006	
90.372166	
79.330690	
82.495894	
75.210192	
82.343661	
82.397908	
76.230598	
79.324243	
75.760483	
88.922618	
86.112737	
91.542115	
85.199418	
88.883386	
84.306790	
84.673574	
79.426582	
89.426930	
87.949110	
80.726450	
90.205983	
78.823922	
79.961788	
87.079706	
82.112990	
94.144922	
92.130524	
86.980720	
86.027382	
87.050829	
89.447041	
86.329571	
88.180686	
88.461700	
90.395804	
90.731468	
85.393231	
81.463703	
74.291724	
82.380095	
82.007004	
86.735140	
77.579460	
93.764451	
91.375083	
91.001883	
91.038383	
87.456363	
87.482000	
87.649973	
91.307831	
85.973233	
91.382747	
89.758312	
88.965200	
83.323743	
93.151301	
93.043017	
97.661168	
92.131382	
85.125044	
88.051160	
92.574931	
92.845829	
87.626794	
93.868367	
86.872723	
84.960850	
89.250252	
81.937440	
97.012921	
93.416051	
92.411378	
96.342099	
96.025273	
95.694640	
94.869530	
85.263186	
88.485835	
87.614378	
91.729056	
85.287717	
92.054219	
86.140649	
85.306526	
90.468437	
88.704895	
93.578758	
89.129806	
91.894077	
91.882098	
93.867493	
94.330967	
92.009663	
91.614633	
89.836456	
96.279882	
94.236137	
88.880048	
98.032225	
96.011803	
92.712010	
90.840744	
94.429422	
108.633205	
109.401802	
110.644029	
108.711336	
109.347802	
109.484924	
108.186058	
106.229134	
108.987941	
106.222414	
108.190852	
112.528650	
111.608911	
111.897802	
111.011050	
110.908605	
110.319786	
112.273135	
111.488180	
111.419126	
111.288578	
111.171121	
111.172483	
110.918020	
110.940901	
110.860253	
114.583287	
112.699070	
111.656297	
110.441799	
111.313248	
108.631986	
109.300181	
108.333861	
73.173899	
83.687636	
74.800009	
70.071632	
72.468131	
79.152620	
74.969605	
69.555347	
80.482773	
78.524266	
85.522532	
81.597047	
81.210848	
86.921355	
84.069871	
82.896199	
83.303448	
80.860429	
88.306163	
79.097027	
85.987999	
78.122341	
85.048242	
85.463601	
81.960896	
93.782780	
92.334859	
84.521907	
90.656135	
89.184997	
81.229424	
78.992292	
80.908055	
83.221472	
80.879802	
81.563910	
79.177597	
78.818283	
76.565109	
72.126107	
88.252137	
85.128313	
91.479022	
83.952707	
84.472186	
79.034991	
85.834643	
86.740082	
82.798919	
85.031905	
80.432757	
80.984748	
84.904511	
84.235937	
87.531629	
89.803680	
97.412266	
86.676678	
85.594581	
88.838326	
87.419983	
90.170582	
80.888681	
71.459721	
83.465026	
79.316991	
75.348207	
95.382396	
92.388158	
89.308003	
88.490829	
92.444927	
86.782088	
88.658224	
81.413607	
85.515165	
87.755146	
83.903090	
84.366256	
94.473414	
93.529131	
96.964653	
84.451812	
90.000462	
88.296188	
84.680915	
92.293615	
84.593652	
86.978246	
84.884101	
87.104461	
86.240016	
97.455364	
93.317874	
92.792279	
97.616091	
95.701793	
91.593299	
84.851449	
84.658077	
89.609716	
82.123509	
91.817947	
86.987318	
84.891448	
89.580352	
89.971010	
96.341197	
93.357827	
94.643444	
97.434270	
92.314235	
94.191394	
92.825960	
92.903732	
92.695619	
93.124435	
94.925267	
89.673499	
88.510806	
89.208418	
94.702553	
96.665805	
96.493816	
97.924000	
97.539809	
91.966838	
90.188281	
92.858789	
108.768866	
110.404993	
108.483709	
107.600448	
105.276653	
106.804575	
104.891490	
112.029666	
112.495053	
112.125241	
112.052446	
109.747531	
110.007972	
112.346807	
111.513098	
111.503404	
110.298862	
110.590975	
107.419220	
108.345914	
107.761608	
111.250261	
111.793527	
111.157507	
112.878616	
110.849523	
114.306714	
112.374330	
113.263270	
112.632764	
110.883072	
111.730392	
110.975946	
110.019587	
110.454960	
109.223931	
107.888132	
73.173899	
83.687636	
74.800009	
70.071632	
70.831863	
79.152620	
69.555347	
80.482773	
77.823519	
78.524266	
81.063873	
85.522532	
80.531179	
83.931558	
85.519258	
83.714457	
89.532546	
80.242402	
89.032857	
80.035965	
78.566957	
84.944518	
81.008161	
79.091387	
84.612407	
84.260367	
85.260733	
80.336767	
90.923829	
92.380419	
92.686131	
86.043794	
91.217659	
79.877137	
78.574207	
74.661065	
81.673028	
80.970216	
78.264905	
81.298889	
70.622811	
76.705334	
73.198213	
84.866958	
90.880584	
83.041358	
86.224410	
83.112743	
84.660523	
88.932636	
85.535630	
82.192294	
84.684177	
76.882609	
83.353781	
83.195504	
82.158305	
93.949665	
83.290461	
91.820512	
97.359122	
85.163454	
88.595741	
87.674811	
85.905976	
83.871371	
87.127569	
86.110274	
87.478691	
85.018019	
85.341695	
81.795108	
84.793503	
78.003940	
91.581354	
96.732000	
91.467089	
87.674811	
91.223612	
86.777146	
86.960930	
91.306980	
89.758312	
82.248949	
88.787441	
86.929599	
87.899354	
84.832677	
81.511380	
93.172973	
92.314235	
97.661168	
83.828273	
86.817513	
90.471816	
85.164271	
84.486857	
90.012245	
89.421903	
80.162563	
86.244123	
81.758723	
81.994061	
93.977657	
94.969531	
93.613600	
91.532734	
92.432022	
94.185255	
86.577910	
88.769093	
81.021887	
81.270618	
83.767295	
84.096728	
90.268380	
95.200107	
88.582414	
93.871862	
96.480257	
91.543821	
93.617085	
94.264224	
94.574684	
91.296768	
92.312517	
89.499008	
90.760259	
91.571969	
87.391050	
96.335784	
91.087634	
95.169028	
97.531543	
98.635185	
93.934799	
107.780491	
106.928085	
107.234505	
107.752171	
108.104696	
106.766937	
103.508558	
106.022589	
105.111676	
112.786386	
112.643062	
111.783692	
111.706595	
109.799896	
109.472312	
111.027272	
111.085504	
110.152946	
107.394756	
111.635377	
112.209812	
111.259834	
112.930899	
110.020878	
110.046713	
112.108087	
111.055690	
108.194448	
110.004101	
107.892874	
108.700334	
109.880591	
108.717450	
73.173899	
83.687636	
70.071632	
70.831863	
72.468131	
77.243549	
74.969605	
80.482773	
78.524266	
81.063873	
80.531179	
81.394217	
85.443142	
83.121668	
80.197239	
89.236027	
82.079816	
77.919368	
79.703019	
77.242743	
84.496638	
87.312542	
80.678030	
79.283149	
83.521070	
83.365147	
83.359464	
84.043830	
90.806849	
92.097937	
92.371821	
89.096368	
81.132510	
81.572800	
79.932764	
75.207771	
82.071725	
75.623351	
79.773147	
72.942844	
75.582207	
75.444237	
75.245707	
82.014285	
88.816635	
85.358872	
82.491845	
81.755489	
81.521077	
77.230659	
80.096439	
80.839442	
82.725977	
81.752255	
83.403309	
93.938296	
84.850633	
97.171634	
82.104090	
82.862959	
89.465479	
85.263186	
84.211509	
90.128451	
90.527589	
84.517831	
88.049500	
83.790058	
78.002329	
82.267566	
80.410976	
83.546252	
74.837970	
91.172601	
94.402160	
93.494322	
88.750748	
92.325406	
86.383816	
90.442250	
84.923289	
90.521672	
92.205170	
89.008631	
82.121082	
86.526078	
86.015895	
83.365147	
84.110564	
91.539557	
93.026569	
91.287408	
96.943717	
88.895071	
89.896987	
84.277469	
86.322996	
84.100797	
82.358234	
91.281453	
89.046226	
80.916127	
86.475082	
86.355870	
97.354542	
93.449091	
96.348414	
97.078549	
88.652391	
91.048571	
83.809572	
84.670311	
88.681558	
81.566334	
80.976674	
83.781928	
88.925957	
88.371020	
87.765088	
95.887999	
89.266152	
94.820019	
95.707157	
91.040930	
92.883851	
91.623168	
91.001883	
90.128451	
88.031243	
93.619699	
94.116875	
87.973165	
97.574722	
97.981326	
96.324059	
93.284882	
91.247425	
108.071266	
108.870781	
108.296532	
107.178973	
108.488557	
105.850559	
102.471895	
112.176798	
112.314991	
111.240694	
110.418131	
110.035084	
106.481049	
110.583029	
109.615228	
109.694011	
108.864630	
109.631725	
110.518239	
113.102310	
110.247944	
110.791944	
113.757431	
112.438227	
109.438290	
112.090949	
111.974256	
108.522519	
111.521411	
110.121802	
104.824844	
67.428627	
71.907387	
78.403444	
65.580012	
60.158290	
69.997943	
72.760335	
71.858582	
67.453482	
76.300733	
75.671753	
74.581884	
83.054336	
77.412717	
74.412172	
78.548431	
77.340218	
79.520870	
81.524310	
74.518854	
76.936594	
73.700377	
76.773023	
82.559072	
80.950840	
80.211756	
69.191642	
75.117359	
75.734672	
74.031330	
76.472423	
88.325285	
87.462979	
89.740673	
79.766698	
88.127534	
86.267124	
81.605937	
81.282734	
74.141327	
79.422553	
79.713498	
78.443718	
80.759539	
89.070459	
88.919278	
85.777265	
81.319085	
82.299136	
78.844867	
68.436098	
91.033289	
82.848367	
79.049493	
86.343541	
78.743366	
76.403105	
85.687952	
90.431271	
84.473001	
94.935888	
80.658664	
81.300505	
84.986166	
86.093036	
89.510745	
86.633872	
86.146396	
89.364103	
85.522532	
69.229435	
76.569944	
79.257364	
83.836404	
72.152117	
91.503743	
95.014705	
93.074190	
90.508150	
78.518628	
87.179573	
85.271363	
89.797798	
87.767573	
86.822456	
83.643751	
89.587063	
81.917219	
83.788432	
79.749770	
88.184008	
90.985759	
95.516055	
84.332041	
83.012159	
82.812699	
88.115079	
82.329898	
79.699795	
82.170444	
84.801664	
91.531881	
82.181773	
80.774066	
82.103280	
94.045049	
95.396641	
94.431182	
88.839160	
90.521672	
81.294851	
82.704097	
88.981067	
89.964278	
84.255481	
80.009357	
86.752436	
87.386090	
93.989031	
91.113967	
84.717623	
94.710497	
92.115945	
93.985531	
90.597765	
87.438999	
89.717998	
93.297036	
93.808098	
90.227059	
93.110571	
94.975730	
96.440497	
89.267825	
92.382999	
107.338915	
108.452218	
108.591794	
108.852333	
107.242612	
109.349056	
103.952687	
108.310976	
111.177931	
108.614927	
110.779913	
109.489971	
109.543030	
109.226427	
111.948737	
111.572753	
109.381695	
111.246160	
108.230433	
111.101785	
108.425601	
109.152896	
110.738523	
109.826763	
113.669574	
110.018297	
111.919008	
113.117429	
111.452242	
109.601278	
111.982770	
110.151647	
108.555310	
109.237663	
108.606402	
67.428627	
71.907387	
78.403444	
60.158290	
65.328693	
71.858582	
67.453482	
76.300733	
75.671753	
74.581884	
76.663429	
83.054336	
77.412717	
78.548431	
79.233998	
80.852357	
77.200046	
75.341751	
88.425920	
77.153320	
83.271792	
75.342558	
81.683537	
77.492465	
69.810347	
75.270729	
75.488616	
76.098377	
76.338620	
89.113922	
89.991205	
78.272154	
84.969833	
67.144223	
79.271062	
78.260072	
81.598663	
68.884962	
79.126837	
70.553364	
70.948570	
80.470672	
80.651401	
87.619344	
87.535766	
84.530059	
84.924105	
81.225386	
80.089988	
68.102753	
88.984408	
82.782709	
77.929033	
76.154009	
81.032383	
83.681134	
73.376468	
69.199037	
86.492353	
80.058541	
90.529280	
81.809662	
77.548045	
77.635844	
82.867823	
82.319374	
81.746595	
86.838112	
84.253852	
86.917233	
83.057581	
67.538794	
64.848441	
72.972038	
83.104631	
69.997124	
93.788891	
92.462136	
90.047601	
79.645792	
85.559372	
85.086640	
79.823125	
79.465264	
79.844891	
91.076593	
87.107762	
88.170718	
78.566957	
83.568999	
73.922117	
84.171615	
91.412558	
95.343234	
87.070630	
87.862875	
80.477932	
90.727234	
75.846783	
86.677501	
86.765614	
82.431107	
77.494881	
81.703747	
79.836023	
92.363224	
86.690674	
94.520071	
89.755792	
93.834297	
86.939492	
86.094678	
86.204698	
86.305740	
93.867493	
95.130862	
95.562446	
90.478575	
89.959230	
90.967940	
107.400579	
105.603542	
105.292977	
106.478791	
110.846842	
110.927438	
109.200230	
109.872893	
108.819158	
109.113107	
105.675030	
108.640519	
109.620303	
109.680014	
106.621389	
107.110861	
104.027212	
107.444873	
109.625378	
110.250552	
111.298168	
109.288916	
111.731793	
110.466811	
110.125692	
114.040014	
110.821384	
110.217969	
111.999810	
111.636771	
110.219272	
107.304070	
111.560252	
111.016456	
107.917778	
108.021198	
106.108394	
75.381295	
84.762496	
76.880998	
70.856351	
73.271145	
72.273195	
77.074367	
74.509157	
80.434370	
79.055938	
79.370174	
81.985163	
87.050829	
83.565749	
84.444477	
92.050791	
94.158949	
92.687856	
91.580501	
94.726386	
88.121722	
95.796627	
84.117890	
89.718837	
91.835050	
87.248935	
87.736923	
99.647782	
103.195703	
101.740289	
100.956768	
94.261590	
98.674480	
97.767089	
96.632279	
91.171751	
83.855107	
94.474294	
86.034767	
86.477549	
81.947146	
100.549918	
96.272672	
94.134403	
96.214118	
93.354352	
97.518687	
88.647391	
97.421433	
89.416876	
90.299591	
94.179116	
92.731855	
87.983120	
90.995094	
92.373541	
97.605056	
104.306686	
98.468943	
103.728941	
108.342297	
95.096263	
95.855737	
99.423468	
95.599044	
97.572884	
101.352303	
98.092433	
95.691064	
98.714738	
89.246068	
94.339753	
101.791010	
106.725931	
104.935632	
99.534558	
101.814899	
99.255838	
97.904595	
97.302361	
102.581189	
96.446821	
99.125497	
95.124651	
104.376620	
96.018089	
98.403697	
99.347639	
104.667329	
102.628840	
107.153557	
99.935255	
99.105690	
104.574431	
96.500145	
99.122667	
101.114390	
105.715792	
95.594580	
101.254830	
98.216744	
106.732761	
102.860771	
107.147783	
105.932575	
101.706507	
105.374714	
105.219038	
99.099089	
100.321683	
106.837689	
96.903685	
103.528258	
97.254793	
102.664360	
103.423647	
104.826992	
104.287637	
101.543907	
108.580843	
105.245116	
102.555864	
102.676545	
103.506484	
102.582202	
105.248377	
104.236885	
101.234180	
102.250120	
104.548847	
102.010468	
101.525106	
102.868933	
105.078126	
103.327566	
104.176707	
107.492741	
103.192617	
102.493125	
104.227377	
113.135590	
114.230261	
113.114404	
112.518418	
113.722857	
112.808655	
111.554699	
110.422074	
112.287557	
108.589360	
110.990790	
115.327414	
115.245215	
114.858509	
112.844344	
113.540245	
111.524183	
114.718551	
113.747994	
112.385930	
112.808655	
111.825876	
114.616567	
114.814516	
114.619899	
114.207564	
113.473649	
114.716873	
113.493754	
114.516958	
113.419645	
115.135822	
113.266322	
74.436420	
75.381295	
84.762496	
76.880998	
70.856351	
73.271145	
72.273195	
77.074367	
74.509157	
72.126920	
80.434370	
79.055938	
81.985163	
87.050829	
83.687636	
83.565749	
84.444477	
86.323818	
88.301175	
87.066505	
94.833278	
84.875121	
83.164669	
86.852944	
83.750223	
89.361591	
87.226637	
96.222222	
99.127384	
98.961588	
98.195389	
89.519968	
95.888895	
94.369632	
87.324109	
94.084458	
85.656823	
77.146875	
84.843287	
88.256292	
81.067910	
82.753531	
89.429444	
86.683264	
81.068718	
77.390162	
98.194460	
93.919934	
98.739094	
99.582102	
92.673194	
94.987243	
90.721308	
93.757469	
89.493978	
88.467525	
93.770560	
96.422432	
86.335323	
88.467525	
92.724089	
86.827400	
84.369514	
89.225150	
95.273860	
102.139657	
105.569501	
97.561857	
98.961588	
96.759223	
94.939429	
93.470834	
94.538565	
84.139053	
83.568187	
104.858151	
102.602473	
94.793508	
94.868646	
94.585259	
99.745023	
93.192049	
86.608358	
103.388493	
102.233030	
101.595400	
95.091829	
95.979486	
97.178027	
103.717475	
94.664612	
95.858425	
97.217313	
91.906914	
103.694553	
96.297910	
92.819914	
99.751703	
92.235215	
104.793714	
102.910785	
104.039823	
102.660299	
101.621169	
97.401267	
94.699023	
99.174575	
105.542075	
95.883517	
98.517459	
100.087749	
91.719658	
106.834262	
103.813476	
108.532231	
103.284250	
101.536980	
102.244088	
101.921557	
102.362881	
100.053183	
100.275389	
104.062953	
101.140875	
104.232659	
103.811386	
105.393269	
101.891627	
101.023278	
103.089907	
110.798632	
112.499432	
112.303435	
110.091995	
111.771055	
110.128286	
107.011860	
109.978315	
115.267900	
115.288874	
114.403249	
113.558878	
112.065271	
109.805011	
114.048028	
111.485413	
112.574034	
113.315230	
111.841366	
110.848182	
111.289948	
112.912955	
113.302990	
114.398325	
114.239999	
115.719230	
112.810140	
112.530112	
113.874285	
113.883798	
114.912845	
113.995219	
112.400442	
111.307763	
109.892142	
74.436420	
84.762496	
76.880998	
73.271145	
72.273195	
79.877943	
77.074367	
74.509157	
72.126920	
80.434370	
79.370174	
81.985163	
83.687636	
83.565749	
84.444477	
83.217415	
90.216942	
88.563260	
82.694372	
81.776511	
91.858999	
84.716807	
86.971649	
80.992821	
84.332855	
89.499846	
82.193913	
84.256295	
86.107812	
100.699417	
97.208175	
91.859854	
86.642103	
94.721972	
80.227079	
81.193080	
75.844364	
77.499714	
81.811280	
95.084734	
91.283154	
87.946622	
90.799224	
89.023667	
90.924678	
88.089342	
83.589310	
95.590116	
89.113922	
90.248983	
86.852944	
89.605521	
84.844920	
90.396649	
92.323687	
98.316193	
103.196731	
96.462181	
93.490842	
89.914648	
93.439525	
95.646380	
93.601404	
91.746999	
85.448052	
88.778267	
79.458817	
92.594748	
98.658572	
92.045649	
93.753979	
101.112429	
90.668828	
96.657648	
99.380801	
104.627791	
92.035366	
91.910337	
87.785800	
88.262941	
105.403096	
96.059408	
102.649134	
89.436985	
94.549135	
97.898128	
102.426439	
93.208526	
94.203674	
91.535292	
94.079203	
89.509069	
102.368930	
103.694553	
101.295173	
100.482112	
98.751276	
100.381543	
92.803505	
102.667406	
94.317789	
101.113410	
93.597048	
98.657636	
105.051094	
103.477471	
101.725382	
108.005719	
102.092544	
101.551825	
99.204799	
99.133988	
102.243082	
102.788408	
101.641992	
97.586670	
96.063901	
101.216487	
99.262458	
100.594526	
95.442959	
101.808926	
107.299427	
105.622224	
105.773166	
101.620177	
108.447376	
112.196887	
111.280361	
110.424703	
109.235166	
108.180067	
104.979829	
114.664960	
114.064066	
114.447638	
113.777896	
113.287702	
112.079532	
111.894976	
113.055527	
108.697890	
112.245764	
112.439682	
110.266209	
110.323711	
110.609529	
106.677024	
110.323711	
112.240007	
112.422231	
113.353541	
113.809434	
115.101279	
112.413513	
114.873769	
112.546204	
112.448413	
115.035890	
112.920429	
110.343349	
114.311607	
110.037668	
109.252653	
108.572330	
67.776313	
69.185891	
78.814255	
70.733890	
64.673447	
65.580012	
63.710816	
69.850499	
67.403769	
65.856030	
75.502333	
74.703075	
75.405504	
81.597047	
76.034679	
77.678535	
86.611650	
91.956563	
90.142774	
79.798135	
91.600126	
85.131581	
80.878994	
79.203380	
80.712731	
84.124401	
86.913111	
79.596628	
79.315380	
83.231211	
81.483096	
80.979096	
99.941959	
98.490397	
89.801999	
96.950088	
90.620602	
85.132398	
80.839442	
89.394257	
85.784642	
86.755730	
76.491767	
81.464511	
77.890372	
76.467587	
99.316391	
97.416849	
100.462756	
101.506314	
97.471877	
92.097937	
89.050403	
84.752704	
90.636675	
89.450393	
84.667864	
85.418594	
87.893550	
90.483645	
104.493475	
97.627127	
103.440200	
108.005719	
94.951822	
94.244913	
98.370169	
96.371874	
98.114679	
97.379275	
96.364655	
94.445257	
92.999739	
90.238864	
89.356566	
91.085935	
90.923829	
106.448320	
105.420573	
99.106633	
97.957279	
99.040657	
101.703527	
94.051178	
96.353827	
93.370859	
92.285884	
105.650816	
105.567307	
103.809297	
107.972411	
99.795621	
98.399970	
98.906118	
102.414325	
102.380022	
96.820967	
97.393019	
94.099351	
102.447646	
94.508624	
100.883518	
104.902251	
108.994122	
103.572880	
108.122623	
101.595400	
101.084980	
105.446807	
102.681623	
106.288556	
103.213191	
102.347762	
103.074523	
107.204412	
107.979545	
107.429712	
103.362665	
108.392973	
105.538785	
106.536429	
107.614527	
106.658846	
107.657982	
104.873203	
105.613431	
107.173195	
104.937786	
105.997004	
103.417441	
106.655439	
107.433210	
109.101928	
107.395920	
108.095141	
106.429150	
108.594228	
112.833927	
113.055527	
114.705134	
112.530112	
112.158164	
111.988448	
111.401211	
108.474015	
111.246160	
107.857335	
111.295428	
116.223135	
116.266568	
115.952904	
114.233507	
113.795234	
115.109907	
111.533888	
115.322152	
112.759701	
113.467468	
112.316436	
112.078106	
111.027272	
113.176524	
115.355514	
115.868419	
117.371190	
115.477390	
114.025602	
116.900576	
113.408866	
114.270879	
115.537869	
114.596590	
113.486018	
114.298562	
114.372092	
112.582831	
112.199758	
111.804773	
67.776313	
69.185891	
78.814255	
65.580012	
63.710816	
69.850499	
67.403769	
65.856030	
75.502333	
71.785360	
75.405504	
81.597047	
77.920173	
77.678535	
84.582237	
87.199388	
82.105708	
78.220605	
74.921154	
83.366771	
76.127403	
78.363171	
79.980332	
79.950501	
91.774347	
93.276202	
95.811848	
85.216585	
92.119375	
90.977273	
82.209290	
82.302374	
79.406436	
75.955655	
81.430575	
81.692429	
76.494185	
78.009578	
71.616071	
92.868295	
97.212744	
86.198949	
91.832484	
84.382550	
92.151968	
90.009720	
80.152079	
81.817748	
84.638503	
85.629795	
81.860607	
82.058780	
84.923289	
84.175686	
99.871130	
93.195517	
87.722014	
88.634060	
91.069799	
93.343928	
90.483645	
80.022258	
85.490609	
86.062669	
80.899175	
103.766489	
104.157724	
104.115574	
93.032628	
93.159969	
95.819907	
88.971881	
93.182510	
92.661121	
90.699297	
94.526235	
91.526765	
97.695227	
89.027009	
97.275829	
93.047346	
102.981317	
104.560571	
95.891585	
94.234382	
94.532400	
99.414932	
94.041546	
89.640764	
96.243839	
97.314258	
86.749965	
99.366587	
90.418603	
86.303275	
105.356170	
105.537689	
107.286663	
106.153059	
103.850061	
97.216399	
100.747080	
104.480709	
100.975343	
104.335280	
101.727369	
99.465218	
98.751276	
106.555666	
103.798852	
103.423647	
104.627791	
102.955748	
103.728941	
103.838559	
104.012505	
104.040874	
105.558528	
102.504249	
107.220612	
107.280863	
105.101932	
108.713781	
107.645056	
107.869176	
105.921480	
110.616159	
110.206251	
111.040799	
110.923401	
109.472312	
107.202099	
104.263309	
108.365210	
105.059742	
107.899987	
115.380151	
115.495149	
115.509373	
115.322152	
112.085240	
109.145431	
113.787351	
110.327637	
111.923252	
109.598742	
110.990790	
107.798205	
114.569997	
115.027309	
116.898575	
114.101020	
115.744575	
111.285838	
114.757195	
113.307579	
113.016388	
111.794932	
113.146193	
112.471718	
109.794782	
110.289714	
110.334182	
69.185891	
78.814255	
64.673447	
65.580012	
63.710816	
71.076646	
69.850499	
67.403769	
65.856030	
75.502333	
74.703075	
71.785360	
75.405504	
81.597047	
76.034679	
78.935093	
77.678535	
82.021566	
79.852146	
80.906440	
76.209637	
85.887936	
79.967432	
76.146753	
76.128209	
72.757089	
83.981994	
75.700793	
77.320884	
81.148661	
76.124178	
78.767533	
90.454921	
90.756872	
91.882954	
81.630186	
89.739833	
87.873652	
83.561687	
78.422776	
73.366747	
80.398876	
83.008915	
75.775001	
75.097983	
71.890306	
87.548176	
90.913652	
83.182521	
84.297830	
73.331912	
88.047011	
85.016385	
78.708728	
82.400337	
82.688700	
79.043853	
83.490204	
79.175179	
83.365147	
95.942698	
89.310514	
100.226247	
83.557625	
89.914648	
83.228776	
86.396147	
89.643282	
82.396288	
86.507158	
80.040802	
98.905178	
103.963175	
100.162722	
101.586484	
97.425100	
93.269259	
97.687862	
100.061822	
84.134983	
92.755157	
87.040930	
92.109084	
99.668741	
100.247440	
96.193410	
94.839466	
96.170009	
97.404017	
87.559759	
92.226630	
89.727235	
91.975402	
86.496465	
90.934855	
87.326588	
89.322235	
105.308220	
105.473061	
108.074846	
105.357260	
100.125222	
97.770776	
102.100560	
95.155712	
104.034568	
97.493901	
103.699762	
97.244736	
95.742038	
98.192604	
99.691614	
107.578170	
108.759064	
105.078126	
110.136071	
105.319111	
102.250120	
101.344419	
104.112414	
104.664121	
100.448244	
102.778227	
101.280409	
99.384592	
105.000330	
106.484437	
104.034568	
107.825389	
108.451007	
107.150093	
108.863400	
108.902792	
108.024771	
110.897850	
107.981923	
108.510384	
107.828936	
107.579342	
101.392731	
106.913191	
102.964951	
103.356469	
114.159041	
115.250446	
114.160656	
113.741706	
110.908605	
109.938403	
106.672478	
108.248444	
110.019587	
109.169079	
107.309874	
106.101699	
105.833959	
105.666223	
109.327739	
113.948961	
113.817328	
113.763725	
116.050976	
112.412060	
110.781249	
112.325108	
113.985637	
112.690215	
111.741601	
110.057055	
107.806475	
82.543682	
80.240789	
83.030003	
79.346000	
76.324916	
84.664601	
84.004774	
82.859716	
76.808478	
74.630363	
84.615669	
79.152620	
81.791065	
83.809572	
83.590123	
82.981341	
83.322119	
85.399776	
82.795677	
88.723235	
87.190305	
86.389570	
88.996936	
83.712832	
89.754952	
83.714457	
83.665693	
89.332282	
82.785951	
86.001126	
90.894149	
89.479728	
90.117500	
93.605759	
93.273598	
86.466858	
92.415678	
89.548480	
80.651401	
83.146819	
81.829069	
87.217553	
81.909131	
85.733833	
81.451583	
83.954334	
85.974873	
87.162236	
88.920948	
85.612596	
85.859238	
80.372257	
90.815322	
89.205072	
85.521713	
86.992266	
87.136648	
84.676836	
86.010151	
87.111888	
84.628716	
88.200622	
94.919072	
88.259616	
86.117662	
89.695326	
90.582542	
89.696166	
87.211773	
71.340777	
81.778128	
82.710579	
85.557735	
87.281148	
93.888466	
90.447318	
90.002145	
87.780001	
88.614899	
86.111095	
89.677696	
89.601325	
92.456973	
82.110563	
86.344363	
88.035392	
85.030271	
91.206605	
93.140900	
82.425439	
81.701322	
89.589580	
90.494629	
85.656823	
85.619148	
82.656289	
87.720357	
88.133347	
89.064609	
84.850633	
82.341232	
83.884384	
89.164089	
89.226823	
93.585725	
97.032967	
95.336115	
90.976425	
92.232640	
86.596837	
85.021286	
93.056870	
86.288485	
82.897010	
91.414261	
91.581354	
88.874206	
89.596292	
92.614569	
92.500007	
93.066396	
94.950052	
92.693894	
91.286558	
96.534512	
96.336686	
95.949875	
104.117680	
97.625288	
94.929692	
90.551258	
92.443206	
92.868295	
108.344708	
108.362797	
108.403844	
105.990333	
109.956419	
107.844315	
106.986588	
109.231420	
107.833667	
108.872012	
107.286663	
107.502090	
108.505532	
108.036685	
109.366625	
109.220187	
105.821791	
110.284489	
108.828983	
109.253902	
110.272736	
107.730951	
109.971873	
108.684451	
110.911294	
107.991439	
107.579342	
106.940694	
108.501894	
111.837141	
112.227061	
111.702398	
110.988091	
109.607617	
110.439168	
111.561641	
110.896506	
111.463293	
111.395702	
109.813965	
82.859716	
84.615669	
79.152620	
81.791065	
83.809572	
86.877668	
83.590123	
82.981341	
83.322119	
85.399776	
82.723545	
89.212601	
87.404276	
86.019177	
88.668224	
83.348098	
83.547877	
90.086335	
84.468111	
82.475647	
85.472603	
88.987749	
79.804584	
81.491985	
89.725555	
87.833035	
87.271236	
82.965122	
92.583546	
92.400197	
86.529368	
80.101277	
87.280322	
78.371226	
81.243963	
79.917446	
81.493601	
80.147241	
78.673285	
86.859537	
89.889419	
90.703530	
86.268768	
88.844166	
86.151323	
85.821527	
84.986983	
88.455874	
82.871877	
88.338588	
85.282811	
88.233856	
85.994563	
81.734468	
82.466739	
86.920531	
92.948696	
84.295387	
95.632980	
89.514938	
85.161819	
91.750417	
88.169888	
84.539026	
93.588338	
88.646558	
86.738435	
89.011137	
73.948007	
71.374184	
77.909703	
89.253599	
95.699111	
90.423670	
83.581998	
88.327779	
83.356216	
87.630105	
89.220130	
82.547732	
90.759412	
78.959262	
88.112588	
86.101245	
81.192272	
85.147108	
87.970676	
88.612400	
82.140502	
83.543003	
89.052910	
87.930035	
87.580446	
85.895316	
83.251501	
86.660213	
85.671568	
86.698085	
82.480506	
84.645843	
85.490609	
93.366515	
93.352615	
89.629015	
94.456694	
96.781916	
90.195867	
92.922752	
89.316374	
87.422463	
90.316465	
85.836282	
89.382529	
93.503893	
89.122282	
95.080300	
86.130797	
91.965125	
92.236933	
91.570263	
93.621441	
94.033667	
95.035087	
88.231363	
91.546380	
91.418521	
90.389050	
86.960930	
95.345013	
88.794947	
103.698720	
95.320992	
90.530970	
94.988129	
93.934799	
109.220187	
108.288110	
106.986588	
108.836354	
106.617986	
105.643116	
109.505119	
108.343503	
110.058349	
111.044859	
109.532914	
109.586069	
110.077754	
110.104950	
105.548655	
111.124871	
109.801175	
109.141699	
109.652045	
108.603967	
110.730521	
109.078344	
109.113107	
108.593011	
109.231420	
113.293815	
111.368180	
109.208959	
111.164313	
112.115233	
110.739857	
108.793386	
110.674594	
109.639343	
109.491233	
83.030003	
76.856825	
76.324916	
84.004774	
82.859716	
76.808478	
74.630363	
83.809572	
86.877668	
83.322119	
85.399776	
83.708768	
87.657424	
89.082995	
87.816460	
85.961748	
82.369569	
84.184641	
84.519461	
80.600566	
81.731234	
88.187331	
79.753801	
82.262709	
85.954366	
87.534938	
86.052821	
82.516142	
90.807696	
93.516947	
93.914689	
91.945433	
91.876964	
90.634137	
81.436231	
87.751833	
80.344026	
76.391014	
77.451383	
82.259472	
78.024076	
81.396640	
79.165511	
80.192401	
86.772203	
82.599576	
89.754112	
89.885215	
84.880836	
88.668224	
83.725837	
85.068666	
78.811033	
89.250252	
87.679779	
87.612723	
84.086961	
83.395189	
82.657099	
96.753777	
82.097616	
91.807686	
88.155769	
79.275897	
92.064504	
89.235190	
84.453442	
73.543312	
70.955097	
76.524005	
93.790637	
94.965989	
89.312188	
89.608877	
87.819775	
82.959446	
83.142762	
87.371213	
89.551834	
87.573826	
90.855152	
74.108169	
86.577087	
85.307344	
81.954425	
82.393859	
79.138923	
89.513261	
92.404497	
80.212562	
87.927547	
83.568187	
82.148594	
82.414912	
86.833168	
85.810870	
89.922217	
85.429231	
83.169538	
80.795050	
77.190379	
94.646971	
90.887366	
90.316465	
94.405677	
89.359916	
93.409097	
92.163979	
85.385868	
87.385264	
90.460834	
85.859238	
87.505158	
93.463006	
91.952282	
95.906825	
92.767242	
86.915585	
94.258079	
89.858311	
91.376786	
94.919072	
95.951669	
94.178239	
90.411003	
91.166651	
89.977741	
91.341026	
92.768105	
89.096368	
90.457455	
98.527728	
100.942109	
98.683840	
95.910412	
90.684908	
108.095141	
107.180129	
110.137368	
108.332656	
107.619221	
106.076051	
107.283183	
109.759016	
110.270125	
110.622792	
107.011860	
111.077369	
110.006682	
108.545590	
106.720240	
106.862835	
107.468213	
109.376671	
109.326486	
109.447106	
109.824203	
109.241410	
108.832669	
112.593100	
111.183381	
111.034034	
112.734536	
110.246640	
108.937310	
109.695284	
111.027272	
109.025053	
108.743145	
74.193890	
76.445825	
72.151304	
67.701860	
79.104278	
80.337573	
75.114937	
74.121109	
74.096846	
78.693423	
75.986297	
79.007599	
77.340218	
77.050197	
80.918549	
83.806319	
89.399283	
85.678940	
82.704907	
77.591542	
80.831371	
80.468252	
84.511310	
77.841239	
82.766499	
85.004950	
84.398030	
83.114366	
89.793597	
91.933447	
93.624927	
93.975032	
83.942132	
86.936195	
86.618234	
73.544121	
80.883030	
83.829086	
77.937893	
85.119324	
78.445329	
82.517762	
79.603882	
80.656243	
87.123442	
81.639886	
90.191653	
87.467941	
88.354387	
89.117266	
83.373266	
89.364103	
80.068217	
88.567424	
86.224410	
82.790003	
84.153706	
84.998417	
93.138300	
96.316844	
88.204776	
89.413525	
87.019483	
87.541557	
94.619636	
89.561899	
89.272847	
72.874718	
93.535224	
88.364367	
85.539723	
83.894956	
89.219294	
88.627395	
82.503993	
90.587616	
85.288535	
86.201413	
81.454007	
82.762446	
88.735740	
89.859152	
88.002201	
82.888902	
89.625659	
92.576654	
85.767431	
84.811457	
88.382664	
86.343541	
90.695911	
84.080451	
83.806319	
91.753835	
95.391299	
97.352711	
98.025744	
89.382529	
93.577016	
94.786440	
85.429231	
88.161582	
87.121792	
90.283563	
85.746944	
93.814210	
85.656823	
92.693894	
96.878223	
90.927222	
91.407447	
92.547366	
94.229995	
94.579090	
94.502461	
91.072347	
90.969637	
92.793142	
88.839994	
97.095878	
94.721972	
89.277032	
96.409789	
98.941838	
97.378358	
90.034973	
94.517429	
108.624673	
108.434067	
110.007972	
109.335261	
107.262311	
109.958994	
109.866481	
107.355191	
107.970033	
110.040252	
109.121805	
111.019159	
109.789669	
110.084226	
110.593625	
107.162797	
110.353829	
109.733502	
111.649321	
110.098472	
109.597474	
111.114004	
109.389233	
108.750491	
112.138117	
112.647478	
111.979932	
110.462859	
111.726190	
109.236415	
111.916179	
111.326967	
110.822723	
110.556561	
74.193890	
76.445825	
73.125267	
67.701860	
79.104278	
80.337573	
75.114937	
71.272321	
79.877943	
74.121109	
74.096846	
78.693423	
75.986297	
79.007599	
77.340218	
77.050197	
78.729672	
83.846162	
88.238010	
85.869077	
75.285256	
85.358872	
79.118780	
76.985742	
77.941115	
76.176583	
81.018657	
84.234308	
81.846051	
82.517762	
90.373854	
81.989208	
87.349725	
76.789945	
82.202815	
81.990016	
78.840839	
81.349782	
77.733307	
78.691812	
72.355244	
77.100954	
76.964794	
87.672327	
87.667359	
90.416069	
86.415878	
89.067952	
85.450507	
85.479150	
88.854179	
87.562241	
80.820071	
87.634244	
82.808646	
84.893897	
83.924237	
80.861236	
80.308537	
83.227965	
92.774148	
90.734855	
82.184201	
89.511584	
87.441480	
82.476457	
90.750097	
88.194807	
87.224985	
87.527493	
66.534998	
78.194831	
79.079302	
76.072576	
90.104022	
92.896816	
85.499612	
88.495823	
86.210447	
84.481152	
88.103456	
84.656445	
87.458844	
81.512996	
80.622352	
80.030321	
88.690726	
93.037822	
87.086307	
88.725736	
87.406756	
83.864866	
85.550366	
90.508150	
77.854126	
78.666841	
79.848115	
80.401296	
80.724029	
94.751108	
90.113288	
93.989031	
90.378075	
86.348473	
93.978532	
82.037746	
84.132541	
90.910260	
89.021161	
82.280517	
88.697394	
87.306758	
95.674081	
95.083847	
83.174406	
94.325695	
97.125075	
91.166651	
93.217200	
93.992531	
94.799693	
88.415937	
92.339156	
90.760259	
90.941641	
86.531836	
93.759215	
91.975402	
99.409242	
99.312604	
95.897860	
91.171751	
97.163416	
109.405575	
109.535443	
107.001519	
109.421927	
104.774406	
110.120505	
104.974436	
110.699876	
109.608886	
110.868304	
111.460530	
106.598710	
110.889788	
109.462226	
111.557475	
110.293635	
108.816703	
108.646616	
108.817931	
109.243908	
111.695406	
110.251856	
110.687896	
109.853661	
112.862216	
111.852640	
112.762664	
112.018287	
110.777240	
111.539435	
112.490675	
111.674445	
109.847254	
74.193890	
76.397463	
76.445825	
73.125267	
72.151304	
79.104278	
80.337573	
75.114937	
79.877943	
78.693423	
75.986297	
79.007599	
77.340218	
77.050197	
80.183530	
83.504012	
87.472902	
80.331121	
84.495823	
76.687605	
86.558986	
80.040802	
76.812507	
82.444064	
77.233881	
75.328838	
82.219002	
81.277080	
81.767617	
79.132477	
81.828261	
88.199791	
90.536042	
92.859653	
82.186629	
87.818118	
83.347286	
72.750598	
70.684074	
81.143816	
75.875010	
74.374181	
80.231111	
78.637842	
73.408060	
75.720152	
86.622349	
81.181773	
88.133347	
83.766482	
80.959720	
79.784432	
79.217077	
76.661817	
87.281148	
75.089910	
82.453781	
81.519461	
83.095707	
76.382954	
78.889174	
81.172889	
83.361899	
90.173953	
98.536130	
84.905327	
80.673189	
88.088512	
86.081545	
78.203691	
90.704376	
86.386282	
84.456701	
69.290219	
68.614931	
75.785487	
78.257656	
70.729807	
89.986156	
86.763143	
86.507158	
79.095416	
81.819366	
86.263017	
85.358872	
87.340635	
87.392703	
73.957715	
81.895382	
78.302761	
90.954366	
90.312246	
85.126678	
78.067570	
84.327153	
86.854593	
83.859173	
83.534879	
77.916952	
77.268522	
81.266579	
79.759443	
75.682240	
80.916934	
75.752417	
75.393399	
94.702553	
92.162263	
92.756020	
88.976892	
91.183651	
84.309233	
80.971023	
80.508589	
88.585746	
85.420231	
86.642927	
88.917609	
97.509506	
86.292594	
94.966874	
94.485736	
90.133506	
91.668413	
92.549088	
91.658167	
87.460498	
86.857889	
89.022832	
86.843056	
88.605736	
94.100227	
93.227609	
85.628157	
92.175991	
98.117460	
98.050744	
96.028865	
91.118215	
92.187147	
107.941518	
107.903544	
110.499764	
108.186058	
107.821842	
106.635004	
104.059798	
110.872331	
110.317169	
110.973248	
110.731855	
109.815245	
110.454960	
110.813351	
110.675924	
109.788391	
109.125534	
107.107401	
109.885724	
110.689227	
110.846842	
109.577201	
113.010375	
111.674445	
110.297555	
112.960847	
111.419126	
110.462859	
109.685103	
108.284502	
63.074094	
65.805878	
65.026602	
62.408862	
66.631545	
68.197695	
61.146175	
68.420432	
64.900565	
66.806197	
67.155010	
69.825917	
66.531668	
78.642675	
79.950501	
80.406943	
79.139728	
70.858800	
68.039985	
71.813837	
71.166347	
74.199551	
79.338748	
71.732467	
69.668531	
78.724839	
74.361248	
86.280269	
87.438172	
89.618946	
87.528320	
79.395155	
75.468444	
70.546010	
77.229048	
78.305178	
79.816676	
73.842821	
75.481354	
70.152665	
80.064992	
86.522787	
85.737111	
86.147217	
81.034805	
71.880545	
85.439050	
75.837105	
79.406436	
81.086482	
79.393543	
76.987354	
78.407472	
88.443393	
96.143917	
82.138884	
86.984844	
80.829757	
91.556615	
83.972231	
87.925059	
86.740082	
85.521713	
74.379031	
66.643194	
80.132726	
81.559060	
78.448551	
70.610557	
87.990586	
92.737033	
92.764652	
87.609412	
86.204698	
87.917596	
86.395325	
78.960873	
87.234895	
79.172762	
87.764259	
81.647161	
83.809572	
81.226193	
78.047434	
89.693647	
88.105946	
90.095600	
81.756297	
78.434858	
83.799002	
87.576308	
80.805543	
83.517821	
81.500066	
82.837018	
93.157369	
95.727726	
95.306760	
85.502068	
93.877105	
89.454583	
85.806772	
87.799887	
79.981138	
85.665834	
87.897695	
85.533174	
92.932264	
83.561687	
90.883127	
95.520515	
89.691968	
91.923175	
94.613464	
94.499820	
91.618900	
92.252388	
90.929766	
89.835615	
94.843002	
93.205057	
90.606222	
97.923076	
96.146616	
93.227609	
108.494618	
109.246406	
108.160905	
109.805011	
110.189336	
110.569791	
108.896633	
110.998892	
109.488710	
110.821384	
111.222937	
111.653506	
110.727855	
110.401053	
110.216667	
111.445338	
111.503404	
109.719481	
110.382676	
108.739473	
112.151002	
107.795842	
110.686566	
109.630455	
109.840849	
109.472312	
112.235691	
111.050274	
112.710884	
111.945904	
112.078106	
112.263047	
111.115362	
109.926829	
63.074094	
65.805878	
61.404858	
66.631545	
68.197695	
61.146175	
68.420432	
64.900565	
66.806197	
68.172931	
69.825917	
66.656505	
66.531668	
72.464071	
73.210369	
79.101055	
67.512293	
76.839904	
73.706853	
70.169850	
70.481447	
68.439396	
69.355913	
78.606427	
77.046169	
75.269921	
74.846047	
85.678121	
87.054129	
87.811488	
85.869077	
74.751544	
82.914848	
72.585041	
78.827950	
68.901416	
71.037495	
74.664296	
73.731945	
75.190819	
67.202299	
69.508581	
67.698550	
68.095321	
82.718683	
83.722586	
85.905156	
79.819094	
84.219652	
75.916946	
78.576623	
76.035485	
68.332190	
81.827452	
73.117972	
76.391014	
79.883586	
79.503946	
73.849295	
76.634417	
90.544495	
81.116360	
88.293694	
94.028415	
79.687705	
87.781658	
83.238515	
80.184336	
82.535582	
68.723642	
65.870237	
73.415350	
69.200680	
88.774931	
93.072458	
91.087634	
90.256573	
85.049059	
84.198482	
78.044212	
78.364782	
83.017026	
82.675735	
76.795586	
87.850441	
74.090376	
80.391617	
75.426485	
78.273765	
78.445329	
88.080211	
90.296217	
87.565551	
84.459146	
78.081263	
84.012910	
85.390776	
80.135145	
80.919356	
76.615882	
87.191957	
80.658664	
75.451499	
78.270543	
72.622379	
95.130862	
91.316342	
93.747871	
92.682681	
91.723075	
92.203453	
84.720886	
90.472661	
81.204387	
83.582811	
89.490625	
81.449967	
79.395155	
82.774604	
82.876741	
93.855261	
92.307361	
82.453781	
91.538704	
94.887220	
88.088512	
91.238069	
92.254106	
93.467355	
87.981460	
87.800715	
92.616293	
89.904556	
88.650724	
84.883285	
91.320597	
89.928105	
85.189609	
92.262693	
96.613257	
99.265295	
91.640239	
93.955788	
92.529281	
108.236435	
108.978054	
109.879308	
109.311451	
107.434376	
106.996924	
104.915169	
110.691889	
109.500069	
110.132178	
111.284469	
107.421551	
111.611696	
111.120795	
111.643742	
110.686566	
108.669799	
107.348214	
110.085521	
109.058501	
110.617486	
110.117912	
109.858788	
110.782586	
111.546372	
112.476091	
112.448413	
111.965746	
111.489564	
111.879442	
110.176333	
110.625445	
63.074094	
62.408862	
66.631545	
68.197695	
65.026602	
61.146175	
58.555193	
68.420432	
64.900565	
63.888603	
66.806197	
69.825917	
73.037715	
76.572362	
77.558517	
71.869157	
77.990247	
67.114348	
80.014195	
74.273129	
67.653865	
67.723371	
74.239171	
68.439396	
68.453411	
75.951623	
76.607823	
70.307293	
73.665568	
86.508803	
86.684088	
84.717623	
75.654813	
81.931778	
76.096764	
68.907998	
66.639033	
64.136306	
63.230563	
65.687963	
67.959018	
82.700045	
79.217077	
79.774759	
77.763109	
73.398340	
67.784583	
80.060960	
81.870312	
66.251718	
75.978234	
77.150098	
69.635730	
73.666378	
76.274937	
89.082995	
88.074401	
80.851550	
79.634509	
86.111095	
83.076238	
74.993830	
83.092462	
79.852146	
77.651954	
69.719365	
69.674271	
72.307317	
66.294239	
84.277469	
84.237566	
77.818686	
80.363385	
74.023241	
83.729901	
80.744205	
80.988784	
81.392601	
80.960528	
79.276702	
73.789410	
70.057714	
88.754917	
88.461700	
85.958467	
92.303066	
84.257924	
77.007496	
76.035485	
74.987370	
76.101602	
82.597956	
73.554648	
76.144334	
70.860432	
72.041564	
94.042422	
91.075744	
92.170843	
90.336717	
90.146145	
87.753490	
90.965395	
78.582262	
87.516739	
78.373642	
83.366771	
75.330453	
88.175702	
84.163474	
92.179424	
86.717023	
94.772305	
92.323687	
88.612400	
90.569013	
89.918853	
93.541318	
89.428606	
90.396649	
84.906143	
82.995128	
88.525791	
89.361591	
90.568167	
79.933570	
91.119914	
94.491017	
91.584767	
93.658044	
108.103502	
110.094586	
108.645397	
108.779897	
108.499468	
105.358351	
101.886641	
105.442433	
111.553311	
109.764122	
110.276653	
109.910121	
109.697830	
110.049298	
108.541946	
106.727069	
107.804112	
108.467958	
110.569791	
111.146623	
110.725188	
110.041544	
113.131048	
112.031089	
109.631725	
111.588043	
111.852640	
110.120505	
109.114349	
110.310629	
109.498806	
109.132993	
62.562660	
62.075035	
58.872327	
65.102178	
67.801124	
61.456532	
60.366925	
56.200657	
67.229671	
62.946411	
64.673447	
67.528029	
65.554897	
64.572400	
77.663231	
79.973075	
78.894007	
71.712121	
76.317661	
70.245126	
69.083159	
81.264963	
69.711166	
80.428723	
75.349821	
78.290680	
74.543097	
85.656004	
87.869507	
85.991281	
78.856950	
81.837156	
74.602084	
82.659530	
71.718632	
75.419222	
75.151265	
71.009760	
77.914535	
71.502074	
64.887956	
84.698860	
85.343331	
85.142205	
82.049881	
86.042973	
80.510203	
79.202574	
72.168371	
80.027902	
75.491037	
77.665647	
83.881131	
75.890333	
78.101399	
77.947559	
81.723150	
95.469693	
81.197118	
82.402766	
90.985759	
83.512947	
87.848783	
84.388253	
84.571637	
71.429582	
66.819497	
78.303567	
80.494067	
73.521448	
88.590743	
92.749978	
92.644739	
88.563260	
85.645356	
84.332041	
81.886486	
87.295192	
89.870081	
76.347487	
87.137473	
79.027740	
88.800786	
89.487272	
88.861689	
84.659708	
83.439038	
86.318888	
83.639688	
79.612747	
84.511310	
85.262369	
88.564093	
82.739754	
83.522694	
80.324668	
82.660340	
88.316971	
93.656300	
86.482484	
85.815789	
83.290461	
90.043391	
83.534067	
83.451220	
86.517852	
88.451714	
80.458571	
83.850228	
92.642153	
89.375829	
92.267846	
92.663708	
92.863974	
87.808173	
91.341026	
89.483919	
91.858999	
88.351892	
96.636808	
93.644098	
85.597856	
89.949976	
98.704437	
96.778285	
95.870970	
90.115815	
93.223272	
93.014451	
109.124291	
109.006490	
110.138666	
109.856225	
110.223179	
107.954584	
108.208836	
106.616852	
109.942263	
111.020511	
108.896633	
109.349056	
110.773232	
110.634735	
111.852640	
107.354028	
111.050274	
111.221572	
109.962857	
111.965746	
111.553311	
110.374805	
109.853661	
109.414378	
111.681429	
106.978551	
111.020511	
109.261401	
109.022577	
109.694011	
113.504590	
112.052446	
113.102310	
112.153866	
112.232814	
109.227675	
62.562660	
65.529778	
62.075035	
61.068468	
58.872327	
61.456532	
60.366925	
56.200657	
62.946411	
63.380070	
64.066178	
64.673447	
67.528029	
65.554897	
64.572400	
80.104503	
76.062900	
73.060415	
69.713626	
66.732198	
70.687341	
70.946938	
75.411153	
68.762336	
69.580777	
73.837156	
73.087168	
84.644212	
84.668680	
85.143839	
73.625090	
82.092762	
80.976674	
72.165933	
80.300471	
72.106599	
67.847430	
73.719804	
70.352273	
71.629096	
72.265883	
76.199963	
67.293525	
67.453482	
78.522655	
84.416771	
72.511165	
78.914953	
67.561151	
79.005988	
81.610787	
78.976985	
78.326120	
77.482798	
71.927720	
69.741499	
73.583798	
88.475015	
80.778101	
94.511266	
84.605883	
78.256851	
85.146291	
79.802972	
80.895946	
86.312314	
81.668986	
83.946199	
67.629035	
69.328816	
71.078277	
70.115835	
66.258389	
88.427584	
93.004065	
83.670569	
83.565749	
84.668680	
78.434858	
78.831172	
85.073568	
80.410170	
77.814659	
84.609145	
77.063893	
79.237220	
73.500392	
77.104982	
88.712398	
94.240525	
84.187084	
80.887874	
87.165538	
81.392601	
80.162563	
75.885495	
80.536020	
79.914221	
76.112890	
75.142385	
79.134089	
72.567994	
78.258461	
94.259835	
88.122552	
89.374991	
95.541032	
95.241862	
95.994745	
87.220856	
92.086792	
91.568557	
80.191594	
85.099713	
82.826479	
89.007795	
80.992014	
79.890842	
84.073126	
85.062130	
83.049469	
95.691958	
92.024227	
94.452295	
86.954333	
86.688204	
89.518291	
90.928918	
92.283307	
86.962579	
90.656981	
88.198130	
90.995942	
85.252557	
90.094757	
99.847223	
97.979476	
91.085935	
93.742636	
107.645056	
108.150133	
109.860070	
109.381695	
107.680323	
109.473573	
107.606313	
107.242612	
106.068249	
108.957056	
105.207092	
108.541946	
111.179294	
109.977026	
111.051628	
110.955721	
110.612181	
110.143858	
111.778075	
107.733308	
110.848182	
108.641739	
110.646685	
110.836119	
109.223931	
107.453039	
109.308946	
110.753200	
109.615228	
110.512959	
109.512696	
113.273955	
112.690215	
110.677254	
111.288578	
112.673992	
111.470203	
109.964145	
112.224185	
111.615873	
111.439817	
110.079048	
109.291418	
61.740374	
65.529778	
61.068468	
65.102178	
61.456532	
60.366925	
56.200657	
63.380070	
64.066178	
64.673447	
65.554897	
70.424226	
76.166908	
75.224721	
66.074020	
80.052091	
71.288622	
66.499196	
67.013902	
72.188688	
66.677303	
66.994803	
74.682070	
74.070155	
70.216491	
71.419807	
84.671127	
74.539865	
81.190657	
70.830231	
73.461518	
67.688621	
64.354085	
74.676415	
67.257040	
69.993848	
65.191982	
64.585877	
64.336371	
82.163160	
74.305468	
80.056122	
85.667472	
77.502131	
78.852117	
72.802523	
72.942844	
80.153692	
68.228232	
74.400856	
72.426717	
72.791165	
75.403890	
86.488241	
78.384113	
88.396804	
79.587762	
77.494076	
80.694977	
86.510448	
81.110707	
78.945566	
77.111427	
63.031546	
60.005933	
68.266191	
70.051983	
71.625840	
64.014618	
87.794915	
90.417758	
89.087174	
83.888450	
76.899530	
80.962950	
72.804145	
79.166317	
83.864866	
79.267033	
73.799121	
76.524005	
79.097027	
69.918498	
86.633049	
91.820512	
81.553403	
76.711780	
76.788334	
84.109750	
80.145628	
74.579460	
77.254021	
74.597236	
74.569763	
77.051003	
81.233463	
71.247869	
69.719365	
68.505341	
89.611394	
88.638226	
91.965982	
90.597765	
90.061914	
85.855138	
92.169985	
78.310011	
87.738579	
71.731653	
86.890856	
82.985396	
95.401094	
90.800071	
86.916409	
92.525836	
89.613072	
90.524208	
94.368753	
92.296193	
90.340936	
84.620562	
87.896866	
87.845468	
91.022254	
85.527444	
91.372528	
96.941897	
97.875961	
94.167716	
91.640239	
92.669745	
92.189721	
108.766415	
106.504771	
108.527374	
109.101928	
106.866266	
102.898531	
101.931538	
105.171280	
111.682827	
111.817432	
111.218841	
111.070592	
110.850864	
110.323711	
110.037668	
110.641373	
105.537689	
110.415503	
107.468213	
107.511443	
108.085588	
111.103142	
110.654655	
111.011050	
112.215560	
111.100428	
112.428046	
112.349702	
109.589870	
108.447376	
107.649756	
60.809098	
60.601214	
64.547129	
60.964784	
57.464714	
64.116876	
59.372651	
65.278383	
62.997498	
62.690695	
63.634556	
63.507368	
65.755712	
66.531668	
64.597668	
72.362555	
76.544960	
79.291206	
76.864883	
74.862200	
70.392340	
67.666278	
79.532153	
72.127733	
77.961251	
69.650491	
69.682470	
73.736801	
77.510186	
74.915501	
74.973643	
73.807214	
86.619057	
86.169387	
76.664235	
85.049876	
80.439210	
73.468807	
81.504107	
73.702805	
73.365127	
72.204941	
74.848470	
75.583014	
70.108468	
72.444582	
66.579949	
85.983077	
80.456958	
85.248469	
81.671411	
83.223907	
73.787791	
78.327731	
80.648980	
83.148442	
78.446134	
75.691113	
77.154931	
80.415010	
88.485002	
94.778489	
84.487672	
81.462895	
87.939987	
87.813974	
81.115552	
87.549003	
85.047426	
84.490117	
85.430868	
75.042275	
67.195663	
76.869717	
78.027298	
74.482488	
90.164683	
87.296844	
88.856682	
85.523351	
81.526734	
81.740936	
77.617318	
85.130764	
82.482936	
76.340232	
79.339553	
89.275358	
90.029080	
94.706083	
85.525806	
81.533199	
86.172671	
81.601088	
80.169014	
85.239476	
86.410945	
79.759443	
84.214766	
93.000604	
93.895458	
95.203660	
93.065530	
89.505715	
92.596471	
85.605226	
93.564825	
83.655941	
85.208410	
88.200622	
84.584683	
90.563094	
81.580882	
90.739088	
86.300810	
87.433211	
92.649912	
82.000533	
91.187901	
95.257859	
89.457098	
88.787441	
91.437264	
92.610260	
94.529758	
88.902583	
88.217238	
89.184997	
88.179855	
96.264561	
93.017047	
86.046255	
90.144459	
95.952566	
97.338059	
96.066596	
89.766712	
93.477793	
94.689316	
108.699112	
110.588326	
106.999221	
109.842130	
109.953845	
108.108281	
110.520880	
106.728207	
109.555680	
109.658399	
110.673264	
109.997652	
110.397114	
111.705196	
107.564109	
111.146623	
111.453623	
111.590824	
110.229694	
109.160364	
109.872893	
111.564418	
107.730951	
111.122153	
109.458445	
109.267652	
109.350311	
109.757739	
112.432409	
111.154785	
112.041052	
112.574034	
112.484840	
110.402366	
111.814618	
111.845593	
111.685621	
60.809098	
60.601214	
60.964784	
58.343270	
57.464714	
64.116876	
65.730623	
55.685145	
65.278383	
62.997498	
62.690695	
63.634556	
65.755712	
66.531668	
64.015464	
71.822786	
78.695840	
74.987370	
71.256835	
73.117972	
69.236828	
68.050723	
77.667258	
70.427496	
67.477506	
74.525319	
68.285168	
75.589468	
74.312744	
73.204696	
84.022674	
85.099713	
84.740466	
73.110676	
82.049881	
80.073862	
79.688511	
65.956289	
69.984021	
71.335888	
74.699843	
65.118128	
68.400643	
64.983761	
85.183070	
74.916309	
81.916410	
73.307606	
80.250467	
76.334589	
81.141393	
73.846867	
76.307988	
77.421578	
67.313424	
89.484757	
80.921778	
87.854586	
82.291850	
80.027095	
80.801507	
85.759236	
81.635844	
67.528857	
66.040629	
69.494632	
65.665375	
87.233243	
91.194703	
90.714535	
85.653547	
83.240138	
84.205810	
78.981013	
80.869308	
78.298734	
83.605560	
71.391293	
83.545440	
80.809578	
73.720613	
74.682070	
88.964365	
90.186595	
87.637555	
84.329597	
78.009578	
81.373211	
82.099235	
87.182049	
79.185654	
78.461438	
75.125432	
73.813688	
78.952011	
69.916040	
78.397001	
93.753979	
89.963437	
94.693728	
95.246305	
95.971409	
87.045055	
91.327407	
84.245709	
91.755544	
81.146239	
81.541281	
84.374403	
83.323743	
78.605622	
82.692752	
84.113006	
96.072887	
82.582564	
94.755524	
86.748317	
88.599072	
88.008839	
86.652804	
87.481173	
85.889576	
92.948696	
92.262693	
84.891448	
89.822168	
98.791588	
97.672212	
96.245641	
90.326591	
92.836326	
93.598790	
107.832485	
108.267669	
109.910121	
107.469380	
109.001542	
107.218297	
106.102815	
108.841270	
106.100584	
106.894870	
111.348937	
109.395517	
111.020511	
111.876619	
107.269266	
111.025919	
111.000242	
108.748042	
110.629426	
109.420669	
108.307364	
108.477650	
107.504428	
109.732227	
109.073382	
110.523521	
110.774568	
110.210156	
113.013382	
111.399834	
112.902497	
112.669570	
111.508943	
110.005392	
111.225668	
111.502020	
110.507680	
110.616159	
109.285162	
109.296425	
60.809098	
60.601214	
64.547129	
58.343270	
57.464714	
64.116876	
65.730623	
62.075035	
62.997498	
62.690695	
63.634556	
65.755712	
66.531668	
64.015464	
64.597668	
75.487002	
69.617687	
76.290253	
63.057927	
67.977197	
63.700650	
73.581369	
67.859005	
66.315079	
73.425880	
75.687887	
71.049730	
78.735311	
85.606864	
86.420811	
85.868257	
73.615374	
80.451311	
68.026768	
67.124307	
66.603252	
65.790830	
68.950773	
72.790354	
63.903832	
63.600650	
81.521885	
76.851990	
79.207408	
79.748158	
72.848762	
67.601719	
78.482381	
65.956289	
75.277993	
69.008342	
73.673663	
72.538769	
70.299114	
77.567377	
87.261324	
79.609523	
80.414203	
83.198750	
79.236415	
77.995080	
75.689500	
77.131568	
64.803028	
72.279695	
88.673224	
88.430080	
80.615897	
73.688235	
73.478526	
84.056037	
80.736134	
77.709948	
80.233530	
72.852817	
78.633814	
74.911463	
69.642290	
67.792854	
86.103707	
85.689590	
82.138884	
71.078277	
82.045836	
78.475132	
75.893559	
73.242784	
73.237111	
74.153457	
81.684345	
66.333416	
69.537298	
70.344096	
93.154768	
89.157399	
89.768392	
92.661984	
85.935501	
79.165511	
88.527456	
81.013813	
80.469058	
83.426045	
74.766084	
87.253891	
81.508147	
84.829412	
88.945160	
88.305332	
88.312814	
94.605531	
92.330562	
86.715376	
93.496933	
92.805232	
88.940150	
93.522169	
94.447896	
81.793491	
84.939619	
85.130764	
86.359157	
86.389570	
84.236751	
74.220574	
98.107262	
97.753263	
94.597598	
90.623986	
91.261035	
109.746255	
109.108138	
109.313956	
105.265775	
104.302452	
102.746679	
104.095569	
111.456385	
111.926082	
110.875015	
111.006996	
110.443115	
109.603813	
110.829420	
110.149051	
110.832099	
110.368248	
111.379184	
108.054566	
109.100686	
109.655857	
108.583276	
106.809140	
108.216033	
108.394180	
111.232496	
111.893563	
110.441799	
110.097176	
112.981841	
112.120951	
110.536731	
111.461911	
110.970551	
109.295173	
111.590824	
108.336271	
107.420386	
107.512612	
107.758069	
61.791915	
59.188575	
56.524879	
56.065255	
62.537039	
63.354597	
64.015464	
59.739932	
61.042555	
62.126447	
64.167557	
63.201663	
61.894938	
62.229211	
70.668555	
74.794355	
69.948805	
73.390240	
67.871406	
65.192821	
78.434858	
75.763709	
68.015202	
70.635065	
73.819353	
75.491844	
74.066111	
84.058478	
87.253891	
87.060729	
85.312251	
76.832652	
84.329597	
80.455344	
79.727201	
72.320315	
75.633032	
71.683635	
74.908233	
68.885784	
68.907175	
81.122820	
86.738435	
85.661738	
79.826350	
79.734455	
71.590832	
85.662557	
81.394217	
73.139047	
78.422776	
78.396195	
81.639077	
76.316049	
72.162682	
71.961064	
78.947177	
88.764090	
81.821792	
90.592690	
83.630749	
82.935930	
87.274540	
84.759232	
84.812273	
82.473218	
73.478526	
75.925817	
76.596540	
68.103578	
88.779101	
92.471602	
93.290091	
88.077721	
88.100135	
86.031485	
84.047899	
81.761149	
86.763967	
83.675445	
78.195636	
87.180398	
79.924702	
78.960067	
87.929206	
94.822670	
86.898274	
79.732037	
88.626562	
85.080104	
82.375237	
84.499083	
79.059161	
85.233753	
87.546521	
77.263688	
80.499715	
80.689328	
92.908054	
89.129806	
94.261590	
95.243639	
87.964870	
84.600175	
84.773103	
85.107067	
87.809830	
84.632794	
88.172379	
80.713538	
88.557431	
86.550758	
94.667259	
83.188201	
90.945034	
87.870336	
91.377638	
93.116636	
91.205755	
88.265434	
89.608877	
90.405936	
95.395751	
100.069503	
97.548076	
95.846778	
92.807823	
91.966838	
109.110622	
109.282660	
110.181533	
110.168534	
107.807657	
110.139964	
107.290143	
108.756615	
111.084148	
109.649504	
108.326632	
109.955132	
110.284489	
109.845973	
111.101785	
111.633983	
110.880386	
109.500069	
112.194015	
111.954405	
110.112726	
109.787113	
109.987337	
109.995073	
111.484030	
107.813566	
111.206560	
109.226427	
113.272428	
111.839958	
112.280345	
111.994128	
112.591632	
111.664671	
111.171121	
57.036130	
59.870826	
61.791915	
56.524879	
62.537039	
63.354597	
55.657938	
53.372128	
59.818486	
59.739932	
61.042555	
62.126447	
64.167557	
63.201663	
62.229211	
70.058533	
72.625626	
76.674711	
70.839210	
70.235308	
77.640677	
66.482542	
67.983807	
65.487068	
74.064494	
65.045919	
69.062608	
73.403200	
73.238732	
72.165933	
70.173942	
84.364626	
84.029184	
70.671006	
81.602704	
78.471104	
65.631067	
70.902056	
69.680831	
65.951278	
73.137426	
63.888603	
66.978193	
66.146623	
80.131920	
83.068937	
85.419412	
80.615897	
79.775565	
73.139047	
68.281043	
79.898097	
73.142289	
74.052361	
77.800161	
76.571556	
65.689637	
73.609707	
69.593901	
80.206917	
85.515983	
92.896816	
78.245574	
85.574110	
79.883586	
79.610329	
83.072993	
81.926116	
65.560758	
68.408064	
67.662141	
64.541231	
93.377810	
93.358696	
90.362881	
81.369979	
83.404121	
79.512005	
83.955147	
77.407884	
80.103696	
83.562500	
80.824107	
80.411783	
78.341423	
76.818954	
87.671499	
90.558022	
87.428251	
94.173855	
83.133026	
76.702110	
83.762417	
79.170345	
80.858007	
76.764965	
79.273479	
85.885476	
73.329481	
71.061965	
67.369791	
76.432122	
93.461266	
87.782486	
94.482215	
94.314276	
89.708761	
79.932764	
80.457764	
81.172081	
77.448161	
78.935093	
79.897291	
85.055595	
84.183827	
80.946804	
93.006662	
95.302313	
87.780001	
87.415850	
92.053362	
87.668187	
87.538248	
89.935675	
84.077195	
92.659397	
91.991674	
83.731527	
89.835615	
97.537054	
98.093360	
97.217313	
89.077980	
92.962535	
90.693372	
108.820386	
108.391765	
109.021339	
108.087976	
107.048659	
108.854792	
106.841117	
104.953951	
108.195647	
105.113842	
107.753351	
111.593606	
110.580380	
109.195243	
111.486797	
110.378740	
109.730952	
110.411561	
110.389237	
111.460530	
106.560194	
111.280361	
110.211458	
108.274882	
108.291719	
110.041544	
107.850232	
110.731855	
111.571364	
110.050591	
110.151647	
111.218841	
113.776321	
112.289000	
113.401171	
111.362680	
110.842820	
111.154785	
110.487895	
109.798618	
59.870826	
61.791915	
56.524879	
62.537039	
57.864943	
55.657938	
64.015464	
59.818486	
64.167557	
63.201663	
61.894938	
62.229211	
66.298407	
73.296263	
74.161544	
68.628934	
73.284109	
64.936706	
60.655817	
75.937107	
65.538152	
61.956713	
71.335073	
64.028144	
71.996844	
72.021237	
74.053979	
71.961877	
69.909487	
83.103008	
84.003960	
71.889493	
80.376291	
71.539535	
68.205948	
60.898209	
68.682470	
65.088745	
64.438413	
58.749984	
62.081891	
61.184148	
61.805656	
74.542289	
81.962514	
83.707142	
75.062460	
77.736529	
77.109010	
71.001602	
73.604039	
75.073763	
76.233017	
68.679176	
72.863362	
66.500862	
67.628207	
69.946347	
84.903694	
84.615669	
92.705971	
80.805543	
77.630206	
79.864238	
75.393399	
81.788639	
75.056808	
64.821531	
63.714204	
69.023965	
60.683543	
87.328240	
91.147104	
85.796936	
81.918028	
73.477716	
79.185654	
73.926972	
80.494067	
77.095314	
81.681920	
67.569431	
74.539865	
69.412559	
70.727357	
67.252064	
84.636872	
86.262195	
88.410945	
90.883127	
78.556486	
69.492170	
79.836023	
79.798135	
78.966512	
72.196002	
73.908363	
79.959369	
72.246383	
71.892746	
71.113345	
68.894835	
65.828448	
93.775797	
89.146529	
92.171701	
92.714598	
83.452844	
80.144822	
87.332372	
80.249660	
82.872688	
77.743778	
89.796958	
94.846539	
88.724902	
87.026907	
90.325747	
93.384762	
89.145692	
81.875164	
87.169666	
83.489392	
83.620186	
80.920971	
92.410518	
88.222223	
77.490048	
90.484490	
97.279488	
97.036612	
98.454023	
94.555301	
89.338143	
89.745712	
107.390098	
107.745096	
109.521539	
108.123818	
105.034884	
108.172880	
105.061904	
104.515827	
107.879837	
104.457316	
111.246160	
110.201045	
111.052982	
110.883072	
109.922972	
110.268819	
110.098472	
110.994841	
106.416752	
110.474715	
110.181533	
108.857251	
109.225179	
109.753911	
106.349215	
107.366822	
109.258901	
110.462859	
110.916674	
110.955721	
109.722030	
110.552593	
111.191559	
111.870974	
112.241446	
110.932823	
111.673048	
111.131666	
109.191504	
106.899449	
58.184060	
59.713736	
57.553784	
55.992966	
59.407680	
55.902530	
53.372128	
60.140888	
60.895614	
58.819533	
59.940578	
62.152145	
60.618551	
60.219179	
67.120988	
71.889493	
71.528134	
71.052177	
72.261821	
72.632931	
66.814510	
67.968108	
71.247869	
69.821000	
70.707758	
74.047508	
73.143099	
72.577735	
80.092407	
84.674389	
78.239131	
79.770728	
81.929351	
77.640677	
74.231894	
73.935062	
72.585853	
75.547515	
68.366007	
70.020870	
65.381501	
68.025116	
65.547362	
77.819492	
85.769070	
83.239327	
78.341423	
76.744014	
73.873570	
81.927734	
77.316856	
79.292012	
74.014343	
72.685683	
74.012725	
72.747353	
84.349962	
87.964870	
88.284550	
85.694506	
85.861697	
79.943245	
87.816460	
86.085649	
85.004950	
83.880317	
84.245709	
75.499912	
70.486351	
73.454229	
76.137078	
80.487613	
92.388158	
90.226216	
86.089753	
85.221490	
86.410945	
82.626311	
82.729218	
84.167545	
80.307730	
86.262195	
77.776802	
80.968601	
81.235886	
81.928542	
86.410945	
92.317672	
88.257123	
81.245578	
83.266110	
84.371958	
80.786979	
82.280517	
85.031088	
86.589430	
84.029184	
82.682218	
80.602180	
81.235078	
87.664047	
92.933129	
92.896816	
94.789974	
89.999621	
91.354648	
86.816689	
88.928462	
85.445597	
90.302966	
89.855789	
83.501575	
85.234570	
86.321353	
92.001096	
93.905947	
87.371213	
89.760832	
93.898954	
91.758108	
89.113922	
91.200654	
90.070335	
92.242084	
89.893624	
87.527493	
91.699157	
89.000277	
92.614569	
96.958281	
96.347511	
93.546541	
90.789905	
108.955822	
110.274041	
109.641883	
108.096335	
108.455849	
108.808110	
108.994122	
111.156146	
110.232300	
109.150407	
109.291418	
110.474715	
110.634735	
108.814247	
110.027334	
111.631196	
110.284489	
109.759016	
109.676198	
110.686566	
109.597474	
111.994128	
112.993850	
111.978513	
112.100944	
112.125241	
110.524842	
111.639559	
111.506173	
111.484030	
110.927438	
59.713736	
59.328850	
57.553784	
55.992966	
59.407680	
60.332177	
55.902530	
53.372128	
60.140888	
60.895614	
58.819533	
59.197347	
59.940578	
62.152145	
63.065586	
60.618551	
60.219179	
67.325030	
71.185099	
68.684940	
66.594930	
72.753033	
65.060196	
67.883807	
72.165933	
67.000616	
64.781158	
71.719446	
72.702724	
69.233542	
68.875088	
80.260145	
81.926925	
84.942885	
83.862426	
76.055643	
71.243794	
72.006602	
69.988935	
67.959018	
71.503703	
70.185398	
67.828413	
65.849344	
68.522648	
73.839584	
81.881634	
79.279120	
78.919787	
75.938720	
67.753980	
75.094754	
74.131622	
77.463466	
77.423189	
69.783302	
68.045767	
71.333443	
81.968985	
84.209067	
91.804266	
77.307190	
81.977883	
80.703854	
78.598372	
84.275840	
56.765574	
73.092032	
70.562352	
75.428905	
90.099811	
92.719775	
88.989419	
84.499083	
81.633419	
81.245578	
79.923896	
75.566072	
79.601464	
82.069298	
82.266757	
78.111870	
78.369615	
73.863860	
80.538440	
78.374447	
76.636835	
73.791028	
87.331546	
91.595859	
80.169821	
79.465264	
81.463703	
79.502334	
82.758394	
76.937399	
79.557943	
75.269921	
80.361771	
78.380086	
72.800900	
74.232703	
72.171622	
74.419446	
87.337330	
89.201726	
89.921376	
91.415113	
86.665153	
90.243923	
83.947826	
82.209290	
82.320183	
81.187426	
78.463049	
80.422270	
92.902003	
87.533284	
93.618828	
89.584547	
88.729070	
90.107392	
88.999442	
87.334851	
86.369020	
88.432576	
90.474351	
86.493176	
95.147724	
96.309631	
96.916420	
96.552606	
93.249299	
93.564825	
101.916568	
109.327739	
107.573482	
108.421974	
109.101928	
106.703173	
105.615629	
104.353294	
105.929246	
110.957069	
110.584353	
110.119208	
110.057055	
111.138463	
110.709198	
109.747531	
112.001230	
110.548627	
109.433254	
107.657982	
108.276084	
108.732130	
109.725853	
110.164636	
110.349898	
110.380052	
110.592300	
112.722706	
111.496483	
112.744894	
112.682839	
111.692610	
110.444431	
111.443958	
112.336678	
109.230172	
109.866481	
107.750992	
58.184060	
59.004203	
56.821176	
55.576272	
61.275582	
63.558257	
58.687441	
54.480714	
59.503955	
59.556435	
60.132185	
63.150649	
63.023035	
59.398923	
60.627218	
68.150642	
71.863463	
73.587846	
68.224106	
73.177141	
62.272007	
61.896654	
64.088149	
63.391107	
72.611016	
71.508589	
69.973375	
77.713976	
82.996750	
83.029192	
83.577936	
72.177311	
79.227552	
64.961916	
65.574989	
64.058572	
69.677551	
57.793900	
64.547971	
78.917370	
83.345662	
82.269994	
73.624280	
73.853341	
76.688411	
71.980581	
67.548731	
67.255381	
66.655673	
66.604916	
84.864510	
75.461182	
92.387298	
75.725799	
76.066932	
74.110595	
77.063088	
76.518364	
72.108225	
67.439398	
57.372894	
66.838615	
64.533649	
70.831047	
60.171340	
86.787031	
88.609901	
91.000186	
85.882196	
81.466935	
77.224214	
74.790316	
77.889566	
85.128313	
75.332874	
78.707923	
68.645408	
66.693108	
67.207276	
73.848486	
66.275898	
87.770058	
89.689449	
90.876345	
77.786468	
74.131622	
70.875124	
81.846860	
75.509594	
74.769315	
76.719033	
75.670947	
77.121095	
72.087903	
71.138624	
72.425092	
69.538939	
69.520889	
90.416914	
90.204297	
93.320479	
90.841592	
91.244873	
91.266139	
79.846503	
78.553264	
76.938205	
79.067217	
79.064800	
89.493140	
86.119304	
83.279909	
95.216096	
86.128335	
94.420627	
88.217238	
86.656920	
91.209156	
92.189721	
88.852510	
87.528320	
82.671684	
92.004523	
85.673206	
91.343580	
97.813198	
99.484207	
94.003032	
90.201768	
107.729773	
109.322726	
108.585710	
106.947573	
108.482497	
107.521968	
103.065295	
111.754219	
111.377808	
111.419126	
109.090754	
109.852380	
110.062228	
110.588326	
111.190196	
110.448378	
110.126989	
109.848535	
108.097529	
106.224654	
109.058501	
110.812012	
111.470203	
111.869563	
109.904983	
113.549559	
110.274041	
111.120795	
112.042476	
112.354046	
111.229764	
109.135480	
111.730392	
109.404317	
108.365210	
106.937254	
56.632723	
58.343270	
56.605773	
52.672238	
59.135927	
59.896988	
55.603502	
60.627218	
55.712345	
57.785017	
58.872327	
60.938850	
71.668169	
73.288971	
75.875010	
74.290107	
67.398797	
74.023241	
66.046473	
64.838350	
72.339811	
64.866938	
71.199774	
74.352356	
70.483899	
71.004049	
85.730555	
76.222536	
81.991634	
71.320405	
78.495269	
72.262633	
68.965578	
74.331338	
78.082068	
66.611574	
69.387932	
63.928364	
83.976299	
79.056744	
82.785140	
83.774612	
80.664312	
73.116351	
78.570985	
77.945142	
80.064186	
89.050403	
89.451231	
94.794391	
83.759165	
79.543436	
88.004690	
77.652759	
89.503200	
81.480672	
82.914037	
82.324231	
80.348059	
70.751854	
67.179071	
76.535289	
71.854514	
74.138092	
94.087962	
91.664998	
85.819887	
85.913357	
85.183070	
86.052000	
81.000087	
84.023488	
84.022674	
80.636877	
77.283022	
85.624062	
78.167446	
81.523501	
88.299513	
82.747858	
84.171615	
87.255542	
83.586873	
81.132510	
80.312570	
82.275661	
80.069830	
77.729280	
81.830687	
77.072756	
74.932460	
93.952289	
90.918741	
87.880284	
94.896066	
87.780829	
93.165171	
84.866142	
90.659520	
82.137265	
85.776446	
89.629854	
81.152699	
80.970216	
89.374154	
86.373130	
94.208938	
83.732340	
95.192114	
90.093915	
93.352615	
94.087962	
92.049077	
88.718233	
91.177701	
89.060431	
89.819647	
94.778489	
87.866191	
90.334185	
95.290753	
98.180537	
96.310532	
95.337005	
90.502235	
92.058504	
92.933994	
108.602749	
108.724789	
109.982181	
107.871545	
110.308014	
109.132993	
106.881137	
110.522201	
108.132188	
111.294057	
110.510319	
109.300181	
110.706534	
109.657128	
111.257098	
111.830099	
107.814748	
111.437057	
109.497544	
112.349702	
111.852640	
109.939690	
110.004101	
111.191559	
107.992629	
110.605552	
109.484924	
108.750491	
108.629548	
109.940976	
113.333608	
112.112374	
110.452327	
112.445502	
113.128020	
112.817570	
112.582831	
110.336801	
111.910523	
112.832439	
112.637177	
111.100428	
111.227033	
56.632723	
58.157503	
54.260067	
59.135927	
55.603502	
58.793127	
55.712345	
57.785017	
58.872327	
60.938850	
58.237156	
70.566438	
72.005789	
68.121745	
69.929966	
65.428428	
64.353242	
74.092802	
65.774108	
66.161640	
67.825932	
73.337583	
62.139297	
63.023886	
71.545235	
69.177674	
66.777932	
81.293235	
82.640895	
84.463221	
71.278842	
80.128694	
76.571556	
66.747998	
74.669144	
66.773774	
70.124020	
65.924547	
64.500786	
68.907998	
63.212714	
69.841486	
62.871449	
60.550923	
79.238832	
86.200592	
80.401296	
77.956419	
63.963886	
77.862181	
75.680627	
65.145827	
74.476022	
75.773388	
76.534483	
67.949928	
68.258765	
69.340312	
78.029714	
88.524959	
92.770695	
81.909940	
78.261683	
83.901463	
83.660817	
79.501529	
80.962142	
67.344925	
59.610640	
71.839057	
72.257758	
62.721405	
86.860361	
93.541318	
89.942405	
84.959217	
78.636231	
81.183388	
83.964909	
69.941433	
75.127046	
84.605883	
71.868343	
77.914535	
73.458278	
67.927615	
88.333599	
86.152965	
93.549153	
79.076885	
78.536349	
76.239466	
83.448784	
78.743366	
78.409888	
76.953514	
70.607290	
73.286540	
79.227552	
74.991407	
73.221714	
92.082505	
87.516739	
93.313532	
88.409282	
85.184705	
89.897828	
83.761604	
86.438077	
82.396288	
86.588608	
71.337517	
82.435966	
93.658915	
93.960161	
90.755178	
94.015285	
89.773433	
92.016516	
91.057062	
89.447041	
88.647391	
87.660735	
88.689059	
89.586224	
85.591305	
89.476375	
96.647681	
95.626728	
91.514827	
92.177708	
109.646963	
110.036376	
108.727235	
109.272653	
107.697974	
108.409886	
108.126209	
104.131375	
110.892475	
110.750531	
110.146454	
110.428647	
110.013134	
110.561852	
111.401211	
106.761238	
110.530125	
111.617265	
111.207924	
109.100686	
110.336801	
108.428020	
108.787254	
110.462859	
109.771783	
110.805321	
110.217969	
110.227088	
113.915551	
112.477549	
110.682574	
111.317363	
113.152254	
112.480465	
111.849821	
110.048006	
111.615873	
111.412234	
110.268819	
109.303937	
56.632723	
58.343270	
58.157503	
54.260067	
59.896988	
55.603502	
50.710239	
58.793127	
57.785017	
58.872327	
60.938850	
61.817678	
59.372651	
67.729990	
71.686890	
72.609392	
73.561936	
65.025762	
68.942547	
72.692987	
62.315644	
61.522817	
68.717055	
60.936256	
69.219577	
67.461767	
78.806199	
81.592197	
84.809825	
73.857387	
79.159871	
78.303567	
65.356356	
71.788614	
66.371750	
59.881292	
61.675059	
59.252596	
66.454226	
61.445338	
63.045163	
63.450522	
78.941538	
82.736512	
72.285382	
78.556486	
71.164716	
73.148773	
73.262232	
64.947631	
76.748849	
72.344685	
72.070018	
72.841461	
65.398262	
70.355544	
62.972808	
63.724369	
86.245766	
83.326990	
81.671411	
73.009337	
76.953514	
76.110471	
72.176498	
75.800811	
79.030157	
74.033757	
71.988713	
67.259528	
66.637369	
57.646337	
66.694772	
58.674223	
87.492751	
87.229940	
83.775425	
82.719493	
75.745157	
77.432050	
77.524685	
76.258814	
69.579957	
69.796415	
64.419865	
64.542916	
86.008510	
88.832485	
88.489996	
89.402634	
77.469910	
75.452306	
72.801711	
79.520870	
71.834990	
72.216318	
78.746588	
78.985847	
74.287682	
73.763511	
71.628282	
70.945306	
68.133304	
93.299640	
88.935975	
88.707396	
92.796596	
90.473506	
90.656981	
82.477267	
79.206603	
80.590077	
81.747404	
78.904480	
85.345785	
79.124420	
83.951894	
90.308871	
86.076621	
79.670779	
94.161579	
84.971466	
94.601123	
94.069568	
85.566741	
85.948624	
91.088483	
92.926211	
89.834775	
85.502068	
87.009585	
84.594467	
81.852520	
83.839657	
79.289595	
89.556028	
97.461785	
93.208526	
90.115815	
89.207582	
107.622743	
107.899987	
107.867991	
105.407464	
107.681500	
108.226832	
105.981441	
103.674769	
106.893725	
103.464008	
111.919008	
112.039629	
110.228391	
109.892142	
110.514279	
110.495807	
111.158868	
107.348214	
110.190636	
110.062228	
109.356584	
110.889788	
108.266467	
106.516074	
106.460730	
108.261659	
111.550535	
111.408100	
111.154785	
110.072578	
110.761211	
112.744894	
109.108138	
110.747862	
110.120505	
107.443706	
56.038153	
57.624985	
59.713736	
54.920451	
54.590841	
58.925096	
62.818611	
61.869189	
57.944810	
58.925096	
62.869745	
60.912910	
60.964784	
72.057824	
73.371608	
76.448243	
67.380565	
68.394871	
69.055208	
75.258622	
66.188335	
63.431003	
74.110595	
71.141886	
72.093593	
82.564742	
84.258738	
76.575586	
83.288837	
82.189057	
71.630724	
81.753063	
73.140668	
66.752988	
74.905003	
70.516591	
72.608581	
66.109908	
70.486351	
65.456075	
64.186135	
82.442444	
84.525983	
82.240046	
85.687952	
80.965372	
79.718334	
71.398626	
83.782741	
82.788382	
73.621042	
80.621545	
78.587095	
75.222300	
80.983133	
89.287913	
84.148821	
81.138971	
82.638464	
82.645756	
83.693325	
84.474631	
83.332673	
73.791838	
65.956289	
76.299927	
77.492465	
87.927547	
93.196385	
85.714168	
87.881942	
85.134850	
86.349295	
83.318872	
82.136456	
83.495077	
79.644180	
78.927037	
87.572171	
79.243666	
77.853321	
76.656982	
89.519130	
91.159002	
89.142348	
95.280972	
79.894066	
81.134933	
84.860428	
83.075427	
81.368364	
80.360158	
85.390776	
87.220031	
81.614828	
79.387902	
84.310048	
75.425678	
93.819450	
92.231781	
90.243923	
94.904914	
95.952566	
95.905032	
88.759920	
93.563083	
84.171615	
90.994245	
87.988097	
87.367907	
88.895071	
92.769831	
83.886010	
91.694887	
95.591009	
88.979397	
90.534351	
90.955214	
91.527617	
87.597825	
89.358241	
87.604446	
90.677291	
90.114130	
85.902696	
101.049712	
96.125928	
98.000755	
90.430426	
93.719954	
93.330900	
109.331500	
109.011439	
110.164636	
107.512612	
110.624118	
108.058144	
108.252047	
111.409478	
110.102358	
109.384208	
110.244032	
110.866962	
110.465493	
111.417748	
111.006996	
111.633983	
109.880591	
111.900628	
112.088094	
110.457593	
110.806659	
109.957707	
112.181101	
107.686205	
108.932376	
109.232669	
113.396555	
112.458605	
110.789270	
112.468803	
112.566706	
109.829323	
111.954405	
112.474633	
111.496483	
56.038153	
57.624985	
59.713736	
54.920451	
54.590841	
58.925096	
57.089799	
52.306062	
58.343270	
57.944810	
58.925096	
62.869745	
60.912910	
60.523167	
60.964784	
68.285168	
71.069306	
74.113830	
72.888506	
69.536478	
65.832628	
68.328066	
70.583596	
74.253725	
71.735722	
67.826759	
83.802254	
83.923424	
72.814691	
80.123856	
76.399075	
66.507523	
74.337805	
67.453482	
66.385082	
64.890478	
72.235007	
64.992162	
66.745504	
66.730535	
80.640104	
77.977360	
85.027821	
82.218193	
78.979402	
74.133240	
64.250299	
79.954532	
75.866139	
66.874350	
77.162988	
75.899204	
79.140534	
69.423230	
69.332922	
66.974871	
75.257815	
90.516601	
93.694661	
84.058478	
78.486408	
83.012970	
77.720419	
80.381130	
82.053926	
79.091387	
81.773277	
73.992502	
70.473273	
87.354684	
92.340016	
88.898410	
86.045435	
84.611591	
77.680146	
81.391793	
72.974470	
80.659471	
84.676020	
74.530976	
81.441079	
72.555005	
78.148920	
71.052177	
73.230629	
88.447553	
81.314238	
77.954808	
84.182199	
80.919356	
78.265710	
77.842850	
76.392627	
82.571223	
73.283299	
77.016358	
80.223853	
75.522504	
78.413915	
92.094508	
89.227660	
96.801893	
89.060431	
90.174796	
85.646994	
69.785760	
81.002510	
85.854319	
93.963660	
91.901779	
91.008673	
95.304092	
86.966702	
92.653361	
92.389018	
89.500685	
89.661747	
88.465861	
87.113539	
87.599480	
88.272914	
86.235909	
91.206605	
85.401412	
91.243172	
95.570478	
97.230109	
89.543448	
108.225632	
110.149051	
108.078426	
107.359843	
108.524946	
107.458874	
105.593655	
108.029536	
108.169287	
110.590975	
111.101785	
110.689227	
111.149343	
106.969369	
110.779913	
111.793527	
109.293922	
110.932823	
109.085789	
109.357839	
108.916347	
110.530125	
109.423185	
111.061108	
110.347278	
109.607617	
113.847363	
112.995351	
112.538888	
112.755258	
111.439817	
109.052304	
111.987029	
110.066109	
109.865199	
56.038153	
58.237156	
54.590841	
58.925096	
62.818611	
56.740453	
57.089799	
52.306062	
61.869189	
60.392979	
58.343270	
57.944810	
62.869745	
60.912910	
68.112662	
72.013107	
74.453393	
71.447503	
65.798354	
70.646501	
66.310077	
65.745677	
72.681625	
64.124479	
64.401315	
69.815264	
63.554865	
72.100096	
68.996829	
69.866067	
68.946660	
79.752995	
81.346551	
84.517831	
74.512389	
80.958913	
76.468393	
68.090366	
60.279168	
68.758220	
61.064149	
63.295142	
68.544899	
64.920738	
62.743581	
65.034161	
78.857756	
75.527345	
83.980366	
84.946151	
74.180144	
78.244769	
72.237445	
73.869524	
65.337076	
75.675787	
72.839839	
72.677568	
71.012207	
69.496273	
86.120125	
77.972528	
84.086961	
82.098426	
80.566679	
79.720752	
72.104161	
79.428194	
79.715916	
79.095416	
77.101759	
76.112890	
67.561151	
69.984021	
66.456724	
61.198816	
87.478691	
86.925477	
90.401715	
86.580379	
81.351398	
73.109055	
83.903903	
67.951581	
76.524005	
73.375658	
66.649018	
71.763390	
87.585411	
89.421903	
88.257123	
92.254106	
79.969044	
75.290099	
78.018438	
81.434615	
74.968798	
74.776585	
72.529027	
80.073055	
78.039380	
80.488420	
70.888182	
75.058423	
72.213068	
89.557705	
93.850020	
90.368789	
92.272141	
84.357294	
91.290812	
78.286652	
87.522529	
77.680146	
82.155068	
76.190289	
85.682217	
84.027556	
85.430049	
88.460867	
86.261374	
82.987018	
95.182346	
92.698207	
86.312314	
93.985531	
93.987281	
94.958020	
90.718768	
86.642103	
83.531630	
83.674632	
85.145474	
84.260367	
91.794007	
97.803051	
92.601642	
89.927264	
91.397226	
89.722196	
107.008413	
107.713280	
105.861630	
107.017607	
105.849452	
106.907464	
102.037476	
112.015443	
110.565821	
110.897850	
110.377428	
109.626648	
110.725188	
111.024567	
107.592238	
110.777240	
111.145262	
109.203971	
108.918812	
108.132188	
107.736844	
107.301748	
108.529802	
110.020878	
111.410856	
111.549147	
110.419445	
112.293329	
111.370930	
113.044981	
112.410607	
109.753911	
110.274041	
109.951270	
110.101063	
108.176473	
108.608837	
55.929669	
49.813181	
50.968802	
53.761671	
58.130939	
54.975274	
55.412734	
58.316751	
56.659666	
55.221591	
59.844659	
55.983926	
59.346372	
56.794275	
66.890138	
68.182837	
65.018203	
71.996031	
64.339745	
71.756066	
63.567584	
62.476384	
64.506685	
64.503315	
63.380919	
66.913402	
64.834146	
65.495444	
64.236793	
75.287678	
79.333107	
75.482968	
77.011524	
74.675607	
70.038884	
71.502074	
62.160710	
72.585041	
70.606473	
72.135861	
73.946389	
65.385692	
65.480367	
67.777967	
72.245570	
73.027175	
74.505924	
71.654332	
72.454327	
64.878709	
80.072249	
74.577036	
72.209005	
75.113322	
77.466688	
68.545723	
75.689500	
78.976985	
77.539184	
71.965944	
76.474035	
74.977680	
79.331495	
83.350533	
77.796133	
63.214414	
77.569794	
72.511165	
82.508853	
67.858179	
79.159871	
83.800628	
83.788432	
83.585248	
81.029961	
81.033190	
82.896199	
85.252557	
85.568378	
79.532153	
81.858990	
83.504824	
82.613349	
76.985742	
80.277082	
79.845697	
80.662698	
82.223049	
78.347062	
85.467693	
78.976985	
76.494185	
82.884849	
80.174659	
80.377904	
81.618062	
80.958106	
81.041265	
85.887936	
79.127643	
94.732566	
92.050791	
85.094811	
86.855417	
81.734468	
89.006125	
82.675735	
79.916640	
84.964116	
80.007745	
88.300344	
83.695763	
79.691735	
92.550811	
85.951905	
88.753250	
90.022346	
91.163251	
85.525806	
89.376666	
90.281032	
88.921783	
95.934625	
95.339675	
86.591899	
78.583873	
81.715065	
97.780918	
84.207438	
87.180398	
89.880170	
101.267618	
105.949225	
103.257459	
106.206740	
105.236421	
102.087535	
102.969042	
104.480709	
102.624783	
104.032466	
98.951242	
101.795986	
95.644593	
101.977480	
102.214942	
103.314154	
108.413512	
100.720811	
106.639544	
105.678333	
105.016523	
105.658519	
107.017607	
104.453065	
106.882281	
108.405053	
97.004722	
96.388121	
95.811848	
103.856336	
108.259256	
107.076288	
105.537689	
110.088110	
107.525478	
108.815475	
106.729346	
108.992886	
109.237663	
108.826527	
106.820556	
55.139556	
52.728435	
55.929669	
51.711207	
50.479707	
58.872327	
56.659666	
55.221591	
56.578815	
59.346372	
56.794275	
64.672605	
65.667048	
68.052375	
69.694769	
74.125153	
63.352049	
60.397321	
58.735012	
68.612459	
66.632377	
64.972839	
64.221597	
76.731926	
74.037801	
76.405523	
69.975832	
74.240788	
60.775340	
65.191143	
71.355444	
60.440731	
68.859455	
69.545502	
67.428627	
70.060170	
69.569293	
76.797197	
76.885027	
73.203886	
66.033950	
77.313634	
79.409660	
69.719365	
70.989365	
77.873457	
67.600063	
66.232539	
74.640059	
77.320884	
79.651434	
69.920955	
70.742872	
77.071950	
77.978971	
76.104021	
78.106232	
80.431143	
77.569794	
69.791497	
63.391107	
72.518472	
74.392773	
72.169997	
67.554527	
80.683679	
83.581998	
78.619315	
82.108944	
78.063543	
83.547877	
80.640911	
76.705334	
84.564299	
80.900789	
72.623191	
77.322495	
71.730025	
72.234195	
80.991206	
82.779467	
84.353221	
88.186500	
80.896753	
76.133046	
85.273816	
85.999485	
81.069525	
77.522269	
78.616093	
85.673206	
81.564718	
79.456399	
72.795221	
70.437306	
88.817469	
79.499917	
87.017833	
91.472203	
88.706562	
85.810051	
79.797329	
89.170779	
85.027004	
87.822261	
81.233463	
81.137356	
77.739751	
83.800628	
77.378884	
88.989419	
78.020049	
86.289307	
93.875357	
89.185834	
91.662436	
91.358053	
91.054514	
84.849001	
84.951867	
86.523610	
87.472075	
91.586473	
85.627338	
88.355219	
94.195780	
97.012010	
91.831629	
92.137386	
94.217711	
103.110428	
102.114591	
104.993854	
105.289711	
106.488954	
101.381881	
98.561345	
104.930245	
98.834744	
103.820790	
101.874676	
106.419006	
105.866059	
105.934795	
105.412926	
108.529802	
105.322380	
106.249302	
107.958148	
103.416407	
104.714403	
107.300587	
100.337124	
101.231230	
106.829693	
108.219632	
109.281409	
108.366416	
109.384208	
104.621384	
55.139556	
52.728435	
55.929669	
51.711207	
50.968802	
58.130939	
54.975274	
55.412734	
50.479707	
58.316751	
56.578815	
68.779623	
68.805963	
70.842475	
61.894079	
64.437570	
69.217933	
59.020018	
60.590810	
70.710208	
63.522637	
64.348181	
65.368091	
62.272007	
62.439636	
77.885539	
80.319829	
78.322898	
70.384164	
72.252070	
74.102507	
68.786208	
69.620147	
61.818537	
66.668984	
65.220508	
67.940838	
66.176656	
57.485207	
76.057256	
80.108535	
77.731696	
78.477548	
69.831653	
69.775925	
69.791497	
80.202885	
74.809701	
67.924309	
69.412559	
83.129781	
72.580982	
79.728007	
90.188281	
69.226970	
73.461518	
78.875479	
74.876737	
76.605405	
79.590180	
80.286760	
73.601610	
69.598822	
55.748599	
66.750493	
73.650996	
65.199534	
86.698908	
87.364601	
88.390149	
77.423189	
81.773277	
77.535962	
76.810090	
81.420879	
81.476632	
72.724634	
77.425606	
73.314898	
70.964888	
71.623398	
85.637985	
86.304918	
90.240550	
85.849399	
75.637872	
77.811437	
79.998069	
76.921285	
84.724149	
75.227950	
70.236126	
69.501196	
72.991499	
94.512146	
87.135822	
88.770761	
94.717558	
88.559929	
89.517453	
77.981388	
85.903516	
87.671499	
81.922072	
80.144822	
73.969851	
77.741362	
77.305578	
74.061258	
92.381279	
90.689987	
87.968188	
87.699653	
89.239374	
92.342594	
89.525838	
81.433807	
81.513804	
86.681618	
85.264822	
87.300149	
85.456235	
73.853341	
94.222098	
98.405560	
91.896644	
90.498009	
93.068994	
102.216952	
101.637033	
101.121255	
103.562499	
102.604501	
101.010556	
97.494819	
96.862768	
101.718427	
109.015151	
108.129797	
107.625091	
107.723881	
109.083307	
101.599364	
106.735038	
107.743917	
103.338918	
102.905679	
106.394223	
106.308762	
109.821643	
108.391765	
111.556087	
109.948697	
108.042644	
109.439549	
106.139653	
107.866807	
108.377277	
106.241458	
104.882883	
104.650226	
53.316341	
51.226546	
52.390702	
49.346137	
52.193077	
56.200657	
52.784596	
49.111548	
56.362898	
57.998022	
54.728319	
57.838307	
54.947866	
63.214414	
67.775485	
67.480819	
68.354461	
60.478051	
64.252831	
61.255748	
62.118736	
61.578746	
72.259383	
65.569967	
63.704886	
64.477189	
66.280900	
76.806061	
73.984412	
76.910005	
69.716085	
72.605334	
67.822625	
65.356356	
70.077362	
72.954198	
62.801562	
66.829472	
66.927525	
65.651987	
62.596815	
71.256020	
74.041846	
76.187064	
75.343365	
68.486384	
67.633173	
69.517607	
74.467132	
69.762811	
76.432122	
73.208748	
72.223631	
70.552547	
75.495878	
75.795972	
83.951080	
74.186613	
78.352700	
78.003135	
80.257725	
82.031274	
79.084136	
67.398797	
64.860212	
76.179808	
80.167401	
83.449596	
82.700045	
81.067910	
84.545548	
84.879203	
79.776371	
76.772217	
84.302717	
79.840860	
79.024518	
80.170627	
74.894504	
80.366611	
79.956144	
80.328701	
86.692321	
79.892454	
86.378884	
85.368688	
81.598663	
79.528929	
81.777319	
79.374203	
88.238841	
84.332855	
77.397412	
85.427595	
77.115455	
81.601896	
93.681582	
90.400026	
85.128313	
81.963323	
81.268194	
86.361623	
82.378475	
87.497714	
86.054462	
78.489630	
79.561166	
91.776056	
85.117689	
88.591576	
89.597131	
92.149395	
86.855417	
89.410173	
93.732166	
94.570279	
89.531708	
78.218994	
97.722857	
84.490117	
94.637271	
87.459671	
89.427768	
88.920113	
103.263640	
104.832362	
103.222452	
104.135589	
104.076627	
103.062220	
100.508255	
104.986302	
100.782128	
105.993668	
99.434851	
100.946018	
95.229422	
97.647365	
105.225556	
102.494136	
102.070509	
103.047871	
101.593419	
106.379588	
106.119554	
107.202099	
106.509292	
105.898192	
107.321487	
96.724743	
96.665805	
91.798282	
95.678550	
108.808110	
106.793164	
109.597474	
107.476386	
108.441326	
108.897864	
108.717450	
108.170485	
51.226546	
47.268049	
50.016634	
56.200657	
52.980876	
52.784596	
56.362898	
56.038153	
53.567111	
57.998022	
54.728319	
57.838307	
60.465901	
66.654010	
68.857809	
62.481511	
67.096919	
63.397898	
65.657008	
66.531668	
60.566532	
61.404858	
65.091263	
60.254828	
61.436726	
59.397172	
64.277307	
62.904675	
61.018365	
73.227387	
75.983878	
78.279403	
72.343872	
76.675517	
79.317797	
63.276451	
64.061953	
70.957545	
66.400080	
72.169184	
58.270770	
64.789570	
63.314680	
63.515851	
70.720824	
75.986297	
72.897428	
78.415526	
71.429582	
73.514969	
77.800966	
72.060263	
68.457533	
69.561910	
78.545209	
70.916745	
76.413584	
75.420836	
77.898426	
76.981714	
72.364179	
75.470058	
78.204496	
77.860570	
72.371489	
58.484597	
74.846855	
72.772505	
72.516848	
63.713357	
84.705386	
85.659281	
84.666233	
74.122726	
76.881804	
76.914839	
79.919865	
84.720886	
73.207938	
79.030963	
76.072576	
80.106922	
74.056405	
78.444523	
80.578781	
83.824207	
85.528262	
82.201197	
79.172762	
77.931450	
86.187452	
77.458633	
77.437689	
73.134994	
83.432542	
83.868118	
83.322931	
71.385590	
70.151846	
89.416876	
80.444857	
82.679787	
85.567560	
92.314235	
90.601148	
87.571343	
78.737727	
85.897776	
85.119324	
76.714198	
79.958563	
78.640259	
79.886005	
78.574207	
88.202284	
74.108978	
84.131727	
94.046800	
89.596292	
89.531708	
89.073802	
91.503743	
90.098969	
88.992760	
87.548176	
89.398445	
88.915104	
86.646219	
88.734906	
85.637985	
92.742211	
94.770539	
87.444787	
85.750222	
88.248813	
96.071089	
90.177324	
95.582082	
90.610451	
102.934282	
105.029483	
105.236421	
105.173449	
102.513353	
99.286106	
104.015656	
103.400897	
100.688724	
106.360461	
104.917322	
107.852600	
108.132188	
104.681231	
104.079783	
104.711191	
106.696350	
103.645630	
100.236842	
99.052903	
107.694443	
111.032682	
108.443746	
111.768248	
108.569898	
107.070530	
105.883784	
106.442680	
104.730465	
51.226546	
52.390702	
47.268049	
49.346137	
52.193077	
52.980876	
52.784596	
49.111548	
56.362898	
56.038153	
57.998022	
54.590841	
57.838307	
54.947866	
64.221597	
65.981345	
65.795010	
67.906952	
62.419976	
65.726441	
62.367820	
58.037028	
66.593265	
61.087467	
60.378216	
61.636370	
69.458523	
59.845531	
62.541310	
60.365188	
60.988985	
59.485581	
73.187677	
79.989200	
73.578130	
69.751335	
74.367715	
71.106006	
64.822372	
64.826577	
65.970488	
59.598403	
64.633878	
57.813442	
65.876922	
71.932600	
70.616276	
75.540254	
77.477160	
76.161265	
78.744172	
70.824517	
62.092174	
74.649754	
69.458523	
63.367334	
68.721172	
66.408411	
66.781257	
70.562352	
83.418737	
72.524967	
80.339187	
88.571588	
71.097851	
73.811261	
71.396996	
77.411912	
78.107037	
80.435983	
74.117874	
61.563260	
70.232854	
64.465389	
66.599923	
60.679211	
83.829899	
85.926479	
84.840022	
82.927821	
79.444311	
79.318603	
82.480506	
87.010410	
82.645756	
68.222455	
77.483604	
77.303162	
82.850799	
72.419408	
67.923482	
65.257416	
88.524126	
84.823699	
85.225577	
71.778850	
80.068217	
81.646352	
82.667633	
73.875189	
78.339813	
70.620361	
83.955147	
79.424165	
72.784675	
72.818747	
90.052653	
93.416921	
95.614224	
93.225874	
82.248140	
82.250568	
76.864077	
79.460429	
72.368240	
72.404789	
93.700766	
95.907722	
93.064664	
86.679971	
88.462532	
87.064855	
90.634983	
85.810870	
83.816889	
85.986359	
82.036937	
83.563312	
80.103696	
88.037052	
92.753431	
77.799355	
95.725937	
98.183322	
100.688724	
93.570049	
101.166393	
106.002564	
103.933817	
101.264667	
103.527221	
94.798809	
101.021321	
95.861113	
97.035701	
108.995359	
108.187257	
104.420132	
101.601345	
107.210197	
104.041925	
101.885644	
100.344846	
105.159351	
106.915482	
105.677232	
107.877468	
110.858912	
109.058501	
110.296248	
107.359843	
108.759064	
105.533303	
105.321290	
101.697568	
