55.548031	
71.169397	
57.964114	
52.068222	
64.431246	
61.594739	
58.216101	
66.407595	
62.456461	
63.497635	
67.270996	
68.748032	
77.792131	
72.255172	
70.227232	
69.525068	
81.179086	
67.255400	
82.168139	
68.963242	
63.789662	
79.543802	
71.269637	
66.293727	
73.681699	
73.431401	
73.985713	
76.378589	
68.188093	
85.475475	
84.227055	
84.864005	
84.461257	
71.142831	
77.038208	
69.852550	
72.934983	
71.321576	
67.220610	
72.131698	
61.750338	
65.202327	
66.466330	
62.139315	
71.762717	
71.662362	
78.361665	
78.787611	
73.882317	
79.283976	
74.353341	
74.196256	
84.425399	
79.025719	
74.294882	
76.938601	
74.736037	
74.644584	
78.601776	
77.281864	
80.888213	
73.234692	
81.508145	
87.076029	
75.556714	
83.696045	
85.309144	
84.613757	
78.585677	
78.320847	
78.859512	
67.270996	
86.821557	
87.437113	
80.545276	
86.710796	
86.101391	
79.718036	
86.987230	
83.410892	
81.194145	
83.070420	
85.097975	
80.056988	
77.284326	
83.012054	
82.365126	
81.895770	
90.781550	
84.502249	
88.589194	
78.788852	
77.642880	
84.626580	
80.048258	
86.753785	
82.377761	
87.884740	
81.216734	
88.265452	
88.150711	
82.626877	
84.803649	
74.861675	
85.687232	
77.379148	
88.516436	
85.923919	
83.292659	
85.257609	
82.618019	
76.572488	
83.735551	
91.045364	
84.608628	
88.479414	
86.087132	
87.133521	
83.000639	
85.144301	
81.714434	
83.761043	
81.569754	
91.360164	
91.793345	
82.902996	
84.520187	
87.673186	
87.677125	
88.355214	
80.649092	
79.457986	
110.339616	
109.768225	
111.065852	
109.944342	
109.194902	
111.449071	
111.449071	
109.512269	
112.420144	
107.086140	
110.524512	
111.455033	
109.948139	
112.276871	
111.252934	
111.211485	
110.182484	
106.751497	
113.164102	
112.409888	
114.025875	
112.444776	
111.347879	
113.721253	
108.324318	
109.770115	
108.407920	
109.457930	
111.502775	
113.549933	
113.592661	
111.676454	
114.419910	
113.297053	
111.069779	
61.558830	
71.169397	
50.938666	
52.068222	
66.407595	
62.456461	
63.497635	
67.270996	
73.895696	
68.063189	
66.479517	
71.531818	
68.748032	
67.029886	
73.960165	
72.642792	
70.470740	
83.070420	
71.721606	
63.935684	
75.513913	
64.886196	
73.769227	
72.191009	
68.835791	
86.410277	
86.457065	
86.665216	
76.932454	
82.190857	
80.634078	
67.092255	
69.049828	
59.829742	
69.856164	
68.999319	
61.297879	
57.252144	
68.073997	
63.425827	
58.651519	
73.504284	
81.477975	
79.060466	
73.657390	
75.909164	
75.103345	
65.857539	
81.379964	
78.292403	
71.074009	
77.508513	
73.843400	
79.342377	
70.138055	
68.506457	
78.718214	
76.297636	
86.542885	
76.092913	
92.707164	
77.393929	
75.008118	
77.842725	
79.649569	
73.418040	
80.033291	
83.606877	
84.711238	
77.641647	
57.506749	
74.801899	
76.318485	
65.214303	
88.671267	
80.079439	
87.812427	
80.617816	
79.643346	
78.890511	
84.591962	
78.465597	
79.394579	
70.962949	
80.680373	
79.249192	
82.185809	
73.782600	
74.657997	
84.822909	
87.403050	
93.228594	
84.490719	
74.566568	
82.101268	
76.622827	
78.875630	
86.323247	
78.094632	
75.710856	
77.772390	
89.746531	
83.702416	
84.410032	
90.955994	
89.138391	
82.365126	
74.347251	
83.243105	
73.979630	
81.769822	
76.560212	
82.932155	
85.256320	
84.078793	
87.282605	
85.736345	
79.142392	
83.499945	
91.218921	
80.769239	
82.573735	
90.027775	
88.632871	
83.769967	
83.698593	
89.813425	
84.582988	
86.305069	
110.776542	
109.934849	
110.712383	
107.944965	
110.702672	
110.259042	
108.869248	
106.084973	
109.555425	
106.011172	
113.303400	
111.492823	
111.895435	
111.899469	
110.999160	
106.910595	
114.097673	
112.107877	
109.683328	
111.558566	
109.356966	
112.881295	
111.976190	
112.696370	
111.792782	
110.991322	
116.753225	
113.134643	
114.415499	
112.555871	
111.893420	
114.470691	
112.700513	
113.646168	
111.684462	
112.652909	
55.548031	
61.558830	
71.169397	
57.964114	
50.938666	
52.068222	
54.499397	
64.431246	
61.594739	
58.216101	
66.407595	
62.456461	
63.497635	
73.895696	
74.772625	
70.315218	
81.825229	
69.618959	
66.249383	
63.921321	
76.531978	
64.231336	
72.470737	
73.890831	
82.256502	
84.506093	
86.166222	
82.127761	
81.101307	
73.409539	
69.398701	
70.072990	
69.172512	
69.253113	
60.089691	
68.482425	
64.686245	
59.391191	
78.947561	
74.772625	
82.839624	
73.415611	
72.089340	
72.634309	
68.632642	
64.838301	
79.696871	
66.769651	
74.215735	
76.209353	
83.713885	
94.551188	
76.062279	
74.645804	
76.166447	
79.726752	
75.094798	
77.845195	
81.136429	
81.635160	
73.703579	
69.226646	
75.697395	
62.093837	
86.141582	
88.544210	
82.591447	
82.036944	
82.091176	
76.768992	
84.297404	
85.006655	
82.491523	
74.565349	
76.750563	
80.189240	
79.010830	
79.443064	
86.228490	
83.715160	
73.305106	
84.374187	
83.722806	
75.413660	
76.543026	
84.776689	
86.295981	
73.061145	
79.434362	
68.568947	
72.191009	
90.968176	
85.623928	
89.971465	
89.009467	
82.416937	
87.783515	
73.510358	
86.010681	
78.298587	
77.003771	
83.600511	
74.814097	
73.574753	
82.792745	
81.244347	
90.226445	
85.865679	
79.255402	
85.851446	
92.305386	
83.362571	
83.344772	
86.294683	
86.983315	
83.628528	
83.534309	
82.947371	
80.305347	
86.842416	
78.884311	
86.303771	
81.797523	
87.129600	
108.233656	
111.221349	
108.643362	
108.349743	
109.295408	
104.661674	
108.760725	
104.651690	
107.576405	
112.654976	
112.440669	
111.614457	
113.641883	
112.475593	
112.372992	
109.773894	
112.004505	
109.258150	
108.460721	
109.608035	
112.095696	
111.662443	
117.074319	
114.274740	
111.788763	
112.725382	
115.882347	
114.748447	
110.920874	
112.215678	
111.377607	
108.231845	
109.224652	
107.788889	
71.169397	
57.964114	
52.068222	
54.499397	
61.594739	
58.216101	
50.171567	
62.456461	
67.270996	
73.895696	
66.479517	
71.531818	
67.489373	
75.974074	
71.737324	
69.993476	
65.868323	
81.572269	
70.598569	
66.968718	
64.348646	
61.986122	
74.587289	
74.324110	
62.900452	
73.239548	
73.190993	
73.808136	
68.603798	
81.007263	
86.123430	
86.168816	
84.017487	
72.408962	
81.523230	
72.303603	
64.193030	
68.013954	
64.468357	
63.934487	
77.951357	
79.653302	
82.745880	
71.563241	
75.594631	
71.821973	
69.269956	
64.256473	
74.359432	
65.676638	
75.704738	
69.848937	
66.333281	
67.153432	
72.977437	
71.984066	
90.970884	
76.880822	
80.256648	
77.382843	
75.085029	
75.610532	
74.002746	
80.955874	
78.822320	
76.714938	
80.801793	
75.731659	
67.010695	
70.838642	
76.209353	
58.778630	
88.545534	
88.528338	
88.208725	
84.096679	
79.520168	
82.480144	
80.851887	
75.260904	
74.046549	
78.880590	
78.554723	
67.790633	
79.634633	
77.212925	
71.489520	
72.177694	
87.911047	
87.194963	
72.304814	
81.156502	
78.016808	
76.610549	
72.645217	
76.058603	
72.947111	
74.184081	
91.625561	
85.478056	
91.864370	
89.020095	
86.851543	
82.915673	
72.611284	
79.968455	
68.845409	
83.249456	
76.072082	
76.466931	
89.970125	
85.537418	
83.137693	
87.447595	
91.594219	
82.949908	
83.986844	
86.775937	
84.747168	
84.862722	
84.553506	
85.190643	
87.866329	
78.335689	
79.372204	
87.535419	
83.970249	
80.577791	
90.452430	
90.196887	
91.751029	
83.470680	
84.795945	
108.435222	
107.787099	
110.866188	
108.011534	
107.303103	
107.140714	
106.699180	
102.674196	
105.382908	
113.280136	
113.971610	
112.779336	
113.313982	
110.276292	
113.751345	
106.893082	
112.512616	
112.498213	
109.157748	
110.708498	
111.142521	
106.429911	
105.423502	
112.122092	
112.929279	
111.984277	
114.541510	
111.258860	
111.526673	
116.663386	
113.792239	
109.969032	
112.162746	
115.113031	
114.176222	
111.379590	
112.835473	
111.714513	
110.293550	
55.548031	
61.558830	
71.169397	
57.964114	
50.938666	
54.499397	
64.431246	
61.594739	
58.216101	
50.171567	
66.407595	
63.497635	
67.270996	
68.063189	
66.479517	
71.531818	
73.890831	
71.209248	
65.711379	
79.853796	
70.262184	
65.743725	
78.971129	
67.188219	
64.340266	
72.543427	
73.153369	
72.020364	
73.506713	
84.352428	
84.085180	
84.539409	
74.670189	
81.859236	
65.507738	
67.765423	
68.176082	
67.131840	
62.324817	
60.795056	
72.921640	
68.635046	
79.021997	
81.856718	
70.209154	
74.938550	
70.315218	
72.614918	
59.043595	
60.397501	
65.972563	
72.650063	
61.058452	
70.673354	
70.438185	
68.897109	
70.579273	
83.253268	
91.482564	
78.461886	
77.093563	
74.465419	
76.280468	
76.802167	
66.727685	
68.357469	
67.874672	
72.812500	
62.724532	
82.897925	
90.832906	
90.550782	
82.728150	
82.366390	
75.759808	
79.093977	
76.032875	
73.836103	
69.031789	
78.746715	
75.986323	
77.427190	
72.870705	
67.935905	
85.262761	
83.986844	
84.825477	
91.931345	
79.791509	
71.378357	
81.249368	
73.363389	
72.356884	
72.270911	
80.566535	
80.342816	
79.689402	
77.132934	
65.931825	
74.967839	
68.303408	
68.653075	
90.270794	
86.738151	
88.712327	
87.932097	
84.161852	
73.573539	
86.766815	
75.463782	
67.208613	
83.608151	
71.287755	
71.777228	
88.274688	
87.720457	
78.442084	
90.176741	
85.922625	
86.884148	
87.345431	
83.984291	
79.803965	
84.662489	
81.677938	
82.883981	
89.962083	
82.164354	
88.228510	
90.836960	
91.738748	
93.378545	
90.876172	
82.947371	
106.966689	
110.632844	
106.155460	
106.924611	
106.727073	
105.460745	
100.619428	
103.001349	
114.404474	
112.914666	
109.967132	
108.692829	
109.480406	
113.189377	
111.790773	
111.877295	
109.598634	
110.491695	
107.839053	
106.393562	
105.005781	
106.777680	
112.694299	
112.136315	
114.619192	
112.234023	
110.295468	
116.068029	
113.656881	
110.333854	
113.379676	
115.439396	
113.396654	
110.270540	
107.133668	
108.333397	
110.087029	
108.358828	
61.558830	
71.169397	
57.964114	
52.068222	
61.594739	
50.171567	
62.456461	
63.497635	
67.270996	
73.895696	
68.063189	
66.479517	
71.531818	
68.748032	
67.761823	
73.777737	
70.328479	
65.983347	
79.413226	
79.426901	
65.249032	
76.555302	
66.697709	
64.625187	
70.921913	
70.690241	
70.681798	
71.698632	
79.308826	
83.665467	
84.072405	
79.694381	
67.372978	
65.590389	
58.569969	
68.768468	
70.820542	
62.872926	
59.187440	
65.353229	
55.204728	
59.126308	
58.921311	
58.626334	
68.683124	
79.648325	
75.598299	
67.950312	
74.983706	
65.833578	
68.723992	
66.937536	
69.740559	
67.648991	
68.293798	
70.746943	
86.399882	
72.897384	
82.477615	
91.203993	
68.816556	
69.944088	
71.947771	
80.739194	
72.402905	
62.722138	
52.002723	
69.059450	
66.300919	
70.959328	
58.020517	
82.290598	
85.740223	
81.014786	
75.175396	
73.005337	
81.323444	
83.824794	
73.671976	
79.075360	
75.386769	
71.797786	
68.623027	
85.045233	
82.461179	
90.865353	
83.356215	
66.034872	
77.895800	
78.906632	
80.395284	
72.045774	
75.085029	
71.783274	
79.110114	
82.452331	
79.131219	
75.310999	
75.133874	
89.980848	
91.065687	
78.546057	
81.229284	
72.352040	
72.629461	
78.589393	
68.017556	
79.997130	
67.141436	
78.127994	
79.457986	
82.094960	
80.595300	
84.833182	
82.960053	
81.611258	
77.623152	
76.382269	
77.536859	
91.972374	
92.407038	
89.944662	
85.429036	
82.401772	
106.987743	
108.586648	
107.733425	
106.072950	
108.018737	
106.844085	
105.044360	
98.222912	
99.079149	
100.052289	
113.498745	
113.704073	
112.227906	
112.107877	
110.885708	
110.316575	
110.372284	
112.628102	
105.035971	
111.130715	
109.692751	
109.809807	
108.577508	
105.459051	
105.455664	
101.725133	
106.627786	
109.717262	
113.349988	
112.634302	
111.034449	
110.632844	
115.847258	
113.887178	
109.429855	
114.143466	
113.197807	
108.069198	
110.445421	
107.783518	
107.964744	
102.575173	
104.835078	
47.011676	
53.666241	
63.318117	
44.264994	
36.209370	
58.000117	
53.593726	
60.193898	
57.640023	
60.732793	
70.228437	
57.387864	
63.533539	
64.978394	
67.955116	
57.546372	
75.370880	
63.837538	
56.330275	
60.895629	
53.303554	
69.492571	
67.103051	
66.004916	
49.631173	
59.352841	
62.637169	
72.210378	
78.060041	
76.778822	
80.163032	
65.343647	
77.766221	
71.674452	
64.895775	
68.076398	
53.808822	
67.596181	
59.025613	
56.985441	
55.119173	
65.264602	
63.377956	
57.347031	
69.241082	
66.818815	
79.167224	
78.942599	
67.650192	
63.973985	
48.508581	
82.083607	
58.742657	
64.278020	
70.745736	
75.115555	
63.823175	
71.971967	
74.141477	
81.189126	
76.222838	
87.882110	
66.668935	
67.622585	
73.098760	
74.743353	
64.261261	
75.546930	
74.822636	
79.603522	
73.895696	
58.679101	
49.687326	
60.593893	
64.586876	
54.029862	
87.999216	
81.303353	
80.247908	
77.231389	
75.827129	
67.197816	
71.104193	
61.975350	
79.934797	
73.799623	
71.319161	
77.850131	
78.765304	
88.744125	
72.126858	
69.869411	
77.747716	
66.859586	
65.244242	
68.915145	
72.824626	
82.824418	
66.840400	
68.815353	
63.839932	
68.863444	
86.212920	
87.132215	
81.323444	
67.614185	
79.034405	
80.495265	
72.013104	
70.076604	
65.704191	
75.723093	
66.763656	
82.203479	
83.608151	
87.547223	
85.145588	
85.051664	
81.436504	
76.743192	
80.570287	
73.216483	
81.638934	
85.447095	
86.206433	
72.390795	
80.885707	
89.919205	
87.941307	
90.117666	
77.779793	
79.460472	
84.089014	
108.172127	
108.559237	
106.167505	
108.670836	
109.256288	
107.294261	
109.297271	
101.279317	
107.754886	
112.014623	
111.588496	
108.206498	
111.405379	
109.506643	
109.115068	
113.159891	
112.601252	
109.345766	
110.406908	
112.115998	
108.839786	
107.271281	
106.770696	
111.901485	
110.877899	
111.361749	
115.716720	
112.059187	
110.291633	
113.115719	
114.896340	
113.048543	
112.422196	
113.210457	
110.374207	
109.131763	
108.193832	
47.011676	
53.666241	
63.318117	
36.209370	
50.829179	
58.000117	
54.933556	
53.593726	
47.048605	
60.193898	
59.259356	
57.640023	
60.732793	
70.228437	
61.846089	
64.552158	
66.956725	
61.530102	
58.769037	
61.460676	
56.092094	
70.551534	
58.770236	
68.191696	
61.964579	
50.550448	
58.663512	
55.370984	
71.314329	
79.231802	
80.535274	
76.126001	
69.656278	
63.105094	
56.593618	
64.392938	
51.654426	
52.241626	
77.011150	
76.886969	
72.421074	
67.510973	
65.823993	
48.013296	
79.039369	
69.824852	
62.613234	
59.975894	
71.159737	
49.642160	
75.336661	
75.847943	
86.141582	
62.047160	
62.177613	
69.951315	
69.136426	
68.285388	
75.850391	
72.010684	
75.967950	
70.233258	
47.175362	
70.303165	
86.177896	
84.206596	
65.164004	
73.950433	
67.749818	
76.323391	
67.825448	
71.293795	
66.600597	
55.205933	
73.248045	
65.427486	
64.895775	
63.611332	
65.459826	
76.306221	
82.147949	
88.966970	
76.251039	
77.830384	
60.799845	
63.561065	
70.993126	
73.789896	
73.317248	
56.284570	
56.659737	
65.550859	
57.212506	
86.238871	
71.888496	
82.647127	
88.013699	
88.487347	
76.195868	
72.967731	
77.372990	
66.400402	
81.628869	
59.519416	
75.611755	
75.742673	
61.968169	
55.680480	
75.562830	
58.019318	
88.486024	
84.059632	
75.631327	
87.264287	
80.185496	
76.711253	
82.281757	
85.520639	
86.245360	
82.542111	
76.001022	
74.745793	
77.832852	
74.909261	
86.294683	
88.171803	
89.206236	
88.813053	
81.259410	
106.402214	
107.012321	
106.386641	
104.848445	
103.732167	
105.032616	
100.335179	
106.293328	
111.522689	
111.642439	
109.076145	
110.862285	
110.075591	
108.509946	
103.838384	
108.244523	
109.859013	
107.665545	
109.789010	
105.971749	
106.468026	
109.707832	
110.636719	
112.193272	
112.837554	
110.958037	
116.267121	
111.484864	
110.588307	
112.065268	
112.696370	
106.258820	
112.582678	
111.774703	
107.170671	
107.324333	
104.806691	
104.482278	
47.528269	
49.622628	
63.928502	
51.922653	
42.918015	
41.487732	
52.431922	
50.610106	
46.974741	
44.675103	
59.007631	
53.484933	
59.798593	
64.108044	
62.241043	
80.760476	
65.390356	
82.925817	
76.802167	
64.506666	
66.749268	
71.818345	
75.961825	
65.090956	
64.673076	
67.580579	
70.491239	
68.751638	
67.145034	
90.430885	
94.648491	
95.320157	
93.163418	
80.254150	
90.874819	
75.609309	
73.316032	
66.937536	
74.285140	
64.835907	
75.727988	
67.866266	
60.441810	
94.390684	
97.644483	
85.130144	
91.650096	
79.388364	
79.137425	
88.045303	
84.100512	
76.222838	
81.494316	
73.741264	
77.418567	
81.266943	
91.880767	
100.517862	
107.301334	
86.855455	
92.984783	
90.015705	
86.787666	
92.605174	
91.512507	
90.004979	
87.153128	
85.005369	
80.973421	
80.903247	
82.161829	
81.920971	
76.722309	
104.987342	
107.130145	
103.460310	
93.403561	
94.079025	
90.591231	
94.020194	
88.250937	
92.371308	
93.980997	
97.937504	
86.545487	
90.299028	
98.818393	
86.567603	
89.988891	
83.944720	
103.678328	
101.066268	
107.251845	
95.102727	
93.029061	
98.993611	
98.942643	
90.682970	
92.918407	
91.532928	
93.909649	
86.639179	
87.247279	
96.719130	
91.080592	
105.565869	
102.690185	
108.685497	
108.769908	
104.870172	
107.475030	
97.776848	
103.645727	
103.499289	
99.390764	
100.180570	
98.894711	
99.974537	
94.644258	
107.262444	
106.445500	
100.402660	
111.955982	
107.876718	
103.635950	
105.118255	
105.300143	
106.784664	
102.647025	
103.746860	
106.064365	
102.742983	
104.316774	
100.484046	
105.295081	
106.450697	
104.391179	
108.930087	
107.638783	
107.434198	
104.958859	
108.175744	
105.113214	
114.475111	
114.804365	
117.255360	
115.203884	
113.471059	
112.346374	
107.997131	
107.080864	
119.510814	
120.170216	
119.575347	
119.158660	
116.167358	
112.543506	
118.172129	
115.416429	
113.352108	
111.790773	
114.984143	
118.221698	
118.983775	
121.216600	
116.245708	
120.517360	
118.934888	
115.329358	
116.610142	
118.989215	
118.492642	
117.094085	
115.443991	
116.760525	
114.102031	
113.532859	
112.945988	
63.928502	
52.431922	
46.974741	
57.820089	
53.484933	
58.863762	
68.063189	
62.600070	
59.798593	
62.241043	
65.937816	
72.625825	
72.498600	
65.929429	
76.387177	
58.144112	
70.692654	
73.232264	
62.736500	
68.287791	
65.661065	
83.184675	
85.416139	
89.183616	
73.441118	
83.697320	
82.000379	
68.972863	
64.808368	
59.681179	
67.815844	
68.204908	
64.373784	
60.481330	
70.614248	
48.014521	
62.732909	
52.583371	
53.233402	
91.265074	
74.900719	
83.271056	
72.201904	
75.030092	
70.907429	
61.193732	
65.916248	
68.391108	
72.582201	
74.055067	
68.454788	
68.749234	
71.894545	
95.214918	
85.296257	
91.847974	
100.508638	
77.163698	
78.518820	
74.748233	
82.547170	
74.757989	
80.009599	
65.723359	
73.848264	
77.633016	
74.698234	
67.026287	
101.002663	
101.583963	
101.521336	
85.054236	
90.200918	
85.243440	
89.195590	
79.020757	
85.276931	
97.879978	
81.587360	
87.273445	
91.981950	
79.102666	
73.566248	
100.411869	
99.436056	
102.182515	
89.302089	
86.839808	
83.276139	
86.553292	
80.014586	
86.001615	
91.415904	
84.062188	
94.465266	
81.170304	
75.055728	
103.364620	
105.098090	
102.855158	
101.126835	
106.959673	
91.270505	
96.516410	
99.816293	
101.847776	
97.972928	
94.611812	
109.129909	
108.027743	
105.679751	
100.156114	
101.050749	
100.493267	
102.282391	
99.798060	
100.946874	
101.368195	
101.410346	
103.665285	
106.224339	
106.026608	
102.986872	
108.353376	
107.098458	
108.170319	
103.152801	
110.805748	
111.179939	
113.113618	
110.570896	
111.810872	
111.636441	
106.107311	
102.924186	
118.172129	
115.746959	
113.362708	
113.848299	
113.736296	
115.460084	
108.994724	
114.362625	
115.891713	
110.751252	
113.122025	
111.736568	
109.679558	
112.422196	
117.734050	
120.514386	
113.614051	
116.549791	
112.174952	
115.238039	
115.178866	
112.931367	
114.939077	
109.959533	
110.694906	
47.528269	
63.928502	
51.922653	
42.918015	
44.264994	
41.487732	
52.431922	
44.675103	
57.820089	
58.863762	
68.063189	
62.600070	
64.108044	
62.241043	
65.649085	
68.693942	
65.470606	
67.037082	
60.058547	
74.438615	
65.641898	
74.266873	
59.937561	
54.928733	
71.606756	
59.074762	
61.709643	
67.396975	
63.859082	
64.898170	
76.718623	
83.346044	
80.161784	
77.389002	
70.982262	
67.086259	
63.346840	
66.282940	
70.160950	
58.165710	
55.687704	
67.366979	
46.204178	
59.412762	
53.640862	
81.905850	
78.931436	
66.883570	
55.782808	
77.646580	
63.771709	
69.256722	
69.685173	
64.269640	
70.876052	
64.464765	
70.690241	
89.378033	
89.937962	
95.742553	
80.421525	
76.519703	
83.882194	
75.193717	
72.761580	
59.454707	
69.250706	
75.358658	
65.697003	
93.779702	
101.294901	
97.763601	
91.580594	
87.741472	
80.419026	
85.405824	
91.971007	
84.246237	
95.498250	
71.834068	
84.641968	
81.361123	
96.561250	
76.151739	
67.772626	
94.914208	
95.774042	
102.570387	
89.750543	
87.738845	
89.715773	
91.549269	
76.922618	
75.342770	
87.796655	
81.937354	
76.576171	
79.541314	
81.789968	
103.293376	
102.130272	
103.538297	
107.404043	
107.699470	
103.366239	
101.909199	
98.527417	
88.208725	
96.409487	
101.400977	
91.682819	
100.903520	
91.312608	
89.079892	
92.720956	
94.948193	
83.834997	
106.666079	
110.466622	
103.309557	
99.540349	
101.516641	
102.336370	
100.214213	
96.072397	
97.308833	
97.362955	
102.835911	
105.041005	
104.407730	
107.033399	
107.962945	
106.573885	
106.030040	
104.341564	
100.691863	
108.634210	
107.329641	
111.598477	
107.265978	
106.667821	
97.475721	
105.678050	
99.811734	
116.443972	
118.065588	
113.345750	
111.614457	
110.172926	
114.167484	
105.320397	
112.547626	
107.661976	
110.293550	
104.074521	
103.825298	
116.131834	
119.255019	
116.889904	
114.936826	
111.425231	
113.719105	
116.186328	
112.852127	
113.164102	
107.005296	
69.469704	
64.718572	
61.020142	
72.620977	
69.939269	
60.948308	
57.712053	
72.548274	
64.431246	
75.909164	
71.024512	
70.119980	
70.626310	
73.713304	
69.844120	
76.480429	
78.651317	
75.183945	
79.057983	
71.206834	
71.209248	
68.142452	
71.136794	
69.829669	
74.606793	
79.775318	
71.873981	
80.722923	
85.905797	
75.298780	
79.877470	
79.756637	
70.365849	
60.921969	
68.407929	
71.195965	
68.526885	
74.209648	
70.610631	
67.847058	
71.565659	
79.298886	
74.567786	
76.331976	
78.945080	
71.454476	
74.029513	
74.395975	
66.243390	
81.759751	
73.894479	
72.467103	
72.639156	
74.620202	
76.257169	
82.929621	
72.567659	
77.874816	
77.962469	
85.549036	
77.910615	
75.692501	
80.095655	
80.096903	
60.472947	
68.332240	
69.717681	
73.948000	
67.363379	
76.508656	
86.325845	
81.212969	
80.903247	
80.551528	
78.490351	
79.955988	
75.276787	
68.826174	
75.116776	
77.629316	
71.533026	
73.164291	
75.181502	
79.998376	
85.215107	
78.473023	
69.294018	
68.218121	
81.283264	
74.095226	
69.637016	
77.161236	
79.158532	
72.897384	
69.168903	
79.306340	
70.304370	
85.213820	
79.363505	
85.876030	
88.476769	
81.999119	
83.865610	
74.213300	
87.235507	
75.491904	
73.150942	
79.441820	
69.994681	
75.535925	
82.649658	
82.897925	
85.215107	
71.224949	
79.948510	
82.264078	
84.262865	
85.104409	
87.903155	
82.775011	
84.550943	
82.459916	
81.053653	
90.257354	
89.963423	
78.144059	
89.388697	
101.524465	
87.872904	
81.367403	
84.178470	
84.810069	
107.805006	
107.831882	
109.375641	
107.892870	
104.306863	
110.199694	
107.061519	
105.787104	
103.925162	
109.122487	
108.588477	
108.269895	
106.232957	
106.553039	
108.043959	
107.347343	
109.323375	
109.105797	
111.034449	
110.687142	
108.524544	
110.669680	
110.222656	
108.477121	
108.309797	
111.618453	
107.280117	
108.038553	
112.994081	
111.298392	
109.248843	
110.911102	
113.573426	
112.793879	
109.681442	
112.584742	
111.596481	
112.438616	
112.338189	
69.469704	
66.048054	
64.718572	
61.020142	
60.229829	
71.640603	
69.939269	
60.948308	
57.712053	
72.548274	
68.351462	
71.350570	
75.909164	
71.024512	
70.626310	
69.736946	
76.773907	
79.378420	
76.691601	
78.569581	
70.664910	
80.676618	
72.329031	
69.368618	
65.399938	
74.553161	
80.140569	
77.328653	
85.974416	
84.114567	
75.391658	
81.586103	
82.019291	
65.840766	
69.215819	
66.358450	
70.317630	
67.538575	
65.909060	
63.719048	
64.440823	
67.706605	
75.004457	
78.830997	
74.829957	
74.339944	
62.574939	
80.756721	
78.254071	
69.957338	
78.079806	
73.539517	
77.924195	
74.597042	
68.267370	
69.355382	
75.972850	
84.929529	
72.072397	
77.784728	
79.827633	
73.359746	
83.149120	
77.829151	
72.434397	
85.879913	
78.537390	
79.079083	
52.874005	
68.118431	
68.472812	
62.584514	
79.439335	
87.293074	
89.016111	
79.024478	
71.012440	
78.063746	
70.676972	
71.813507	
77.027139	
79.389606	
69.475722	
81.676680	
64.143954	
77.744014	
73.337889	
77.533161	
84.552225	
78.486638	
85.692401	
79.129977	
68.870657	
79.141150	
70.521386	
75.586068	
74.117134	
75.642338	
69.375837	
72.593106	
73.848264	
72.858578	
85.529674	
79.997130	
90.624948	
80.839361	
85.576147	
77.758819	
76.718623	
74.361867	
79.630899	
70.494857	
67.418574	
81.435247	
85.754444	
79.244223	
88.096678	
83.056461	
74.799459	
83.468134	
83.871988	
82.881446	
85.929097	
88.029500	
77.920491	
82.845961	
84.228333	
76.032875	
88.489990	
78.757867	
91.631012	
100.901972	
87.959730	
86.394686	
109.105797	
107.720912	
105.787104	
106.103873	
105.239433	
109.529150	
102.422215	
107.498127	
109.860907	
107.803215	
110.351142	
111.816904	
109.649426	
110.379974	
110.420382	
109.969032	
108.989179	
111.264786	
107.404043	
109.747454	
108.190214	
111.349859	
108.895046	
108.173935	
108.652518	
108.264457	
109.122487	
112.297296	
109.089114	
111.994390	
111.363731	
108.471654	
111.266763	
112.752346	
112.617773	
109.508518	
69.469704	
66.048054	
70.192283	
64.718572	
61.020142	
60.229829	
72.620977	
71.640603	
69.939269	
57.712053	
72.548274	
64.431246	
71.350570	
75.909164	
71.024512	
70.119980	
70.626310	
73.713304	
71.200795	
79.185850	
77.304026	
74.548285	
69.211006	
72.405327	
68.262565	
69.052233	
74.537317	
74.683602	
81.748420	
85.773840	
83.438876	
83.337144	
81.490545	
77.208003	
61.903540	
69.047424	
72.118386	
65.893484	
67.765423	
64.450400	
69.552752	
72.942260	
78.569581	
71.226157	
73.221339	
63.923715	
79.434362	
77.100945	
66.495100	
71.762717	
74.530004	
69.638220	
83.906435	
76.547935	
68.806937	
83.234211	
79.411982	
79.199511	
72.307236	
56.096907	
52.251323	
60.525636	
57.937711	
68.891098	
87.926834	
82.844693	
79.526386	
79.967209	
77.308951	
75.009339	
70.087449	
70.359821	
76.642476	
79.882454	
76.943519	
81.818931	
56.936174	
68.594183	
69.247097	
64.410895	
79.825142	
88.116442	
74.158518	
66.006114	
71.514898	
77.126781	
77.469080	
70.991919	
68.882681	
69.278377	
74.324110	
71.295003	
66.871578	
61.515738	
87.452835	
81.018547	
87.442353	
87.094319	
79.597301	
83.763593	
73.692639	
76.663353	
78.125522	
69.167701	
85.693694	
83.449052	
74.494664	
89.324733	
84.659924	
86.875018	
90.109613	
84.064742	
86.756391	
78.039040	
81.159012	
82.281757	
77.879753	
80.515269	
82.540845	
84.661206	
79.205720	
81.228030	
93.218885	
96.806185	
93.450837	
89.330063	
81.565981	
85.910975	
84.535565	
107.434198	
106.074668	
110.468549	
104.480620	
106.160622	
104.434223	
97.475721	
106.227786	
111.248983	
109.906392	
109.817373	
110.665800	
110.679379	
111.189795	
105.824653	
111.865208	
110.274375	
108.103477	
109.745565	
105.305206	
105.391362	
105.603231	
106.502705	
109.338302	
109.263736	
109.442954	
110.003247	
109.137330	
109.065031	
114.117289	
112.022721	
114.327435	
112.856292	
110.630906	
110.192044	
108.685497	
109.811699	
109.785230	
108.815866	
57.063539	
55.475773	
54.028654	
47.417647	
64.359420	
58.432036	
52.722656	
45.233283	
56.955401	
56.919351	
61.056058	
63.748969	
59.726707	
61.738370	
61.307455	
67.055073	
79.655793	
74.128087	
73.927321	
62.111789	
63.434204	
72.634309	
66.925544	
66.386019	
72.393216	
72.224904	
80.241667	
83.421067	
85.934277	
86.454465	
71.547529	
67.288992	
69.752600	
56.098109	
71.379564	
65.366403	
73.296607	
69.431192	
65.101734	
66.665338	
76.274336	
68.126839	
80.833100	
76.786195	
79.236770	
62.780778	
79.603522	
80.819324	
65.791645	
78.419812	
74.938550	
69.835689	
81.572269	
89.933941	
77.880988	
73.261399	
76.119873	
76.895574	
87.412221	
81.761009	
79.897408	
79.467933	
76.783737	
65.415509	
69.389074	
69.221833	
60.731596	
80.521519	
88.454299	
85.800996	
84.727917	
78.118109	
78.718214	
73.921238	
79.388364	
78.508917	
72.017944	
69.410734	
81.421424	
74.904380	
69.794745	
82.237564	
80.339068	
77.580001	
68.751638	
69.982634	
79.992143	
84.376747	
74.259568	
72.839176	
68.005547	
78.145295	
75.115555	
81.582329	
69.763436	
66.882371	
75.818561	
71.753044	
85.257609	
88.558762	
91.473038	
92.473034	
79.630899	
79.459230	
87.660059	
73.757068	
72.423496	
85.006655	
81.088766	
88.417297	
74.095226	
84.550943	
90.768041	
81.926013	
82.639533	
87.351977	
87.238122	
79.298886	
82.141640	
86.732940	
81.989033	
78.824798	
91.091434	
79.474151	
90.072040	
94.310550	
80.600304	
87.260361	
110.276292	
109.276774	
110.203520	
110.066064	
108.052972	
106.334776	
109.951936	
107.248311	
111.286527	
108.959620	
107.867747	
111.778719	
109.951936	
110.389591	
112.916754	
110.807696	
110.790168	
109.868483	
112.715017	
112.266663	
110.178661	
109.666372	
107.588873	
109.356966	
108.407920	
109.289817	
109.420502	
111.403394	
114.198084	
109.129909	
111.091388	
57.063539	
60.337620	
54.028654	
47.417647	
66.191856	
58.432036	
52.722656	
45.233283	
56.955401	
61.056058	
63.748969	
61.738370	
61.307455	
77.930367	
72.907087	
74.410594	
58.685097	
73.652529	
63.800434	
72.870705	
62.631186	
60.009435	
71.981645	
69.431192	
70.256157	
83.852854	
85.598099	
68.645864	
76.419074	
68.963242	
68.647065	
56.223224	
63.968001	
67.695801	
62.322424	
63.746576	
62.937550	
61.382870	
77.089872	
70.629930	
77.082491	
81.166539	
75.223034	
79.163499	
73.831238	
66.374032	
66.908754	
77.033288	
69.863389	
72.961666	
71.520940	
66.969917	
66.148714	
70.486416	
84.670185	
71.959869	
81.640193	
88.916526	
76.611777	
68.935586	
79.822650	
76.746879	
69.369821	
81.662839	
77.866176	
76.425209	
74.914142	
45.683917	
64.322310	
63.020125	
59.854901	
80.702898	
88.978921	
85.980891	
84.852446	
73.861641	
78.313427	
72.348408	
66.501094	
69.827260	
77.730446	
72.608859	
76.875906	
61.121903	
76.772678	
63.881822	
67.938306	
66.614982	
88.499245	
69.265143	
78.655033	
71.432727	
73.937051	
68.201305	
81.303353	
63.709473	
65.464617	
66.286536	
66.766054	
87.607563	
80.716665	
80.574038	
90.938401	
81.110087	
85.929097	
86.459665	
71.830440	
81.900810	
66.662939	
80.010845	
88.101948	
70.406837	
86.975482	
91.134815	
86.529878	
82.281757	
85.328474	
86.005500	
87.679750	
78.194732	
84.023872	
85.673019	
81.677938	
81.947436	
75.395325	
84.090292	
86.133803	
72.273333	
91.669182	
94.528643	
82.289335	
91.191783	
88.953693	
107.926995	
108.740527	
109.574206	
109.405543	
106.849331	
102.500232	
110.443494	
107.751309	
111.304327	
111.865208	
111.554578	
111.670448	
109.843865	
112.434510	
105.210792	
111.586499	
112.432457	
110.700732	
108.506298	
108.253582	
108.058380	
109.141042	
112.783490	
109.630606	
111.286527	
110.047016	
115.365982	
114.517143	
114.543725	
114.369228	
111.419274	
112.551748	
113.965105	
112.752346	
109.557303	
110.033690	
110.037496	
57.063539	
60.337620	
60.409476	
54.028654	
58.432036	
45.233283	
65.508935	
56.919351	
59.726707	
64.215774	
61.738370	
61.307455	
65.962978	
70.896568	
76.793566	
66.182270	
59.829742	
60.768714	
75.435664	
65.750912	
60.895629	
69.321691	
61.580374	
58.749851	
68.987293	
67.587780	
68.316623	
68.406728	
77.873581	
81.344795	
84.797229	
81.270709	
68.939193	
77.306489	
77.179695	
64.913735	
70.663703	
57.088770	
54.919088	
57.331417	
66.033674	
53.811238	
55.895949	
59.331267	
75.529809	
67.446173	
75.153412	
77.774858	
71.286547	
67.116245	
65.369996	
76.508656	
58.394850	
69.336129	
67.947911	
69.380651	
60.316062	
64.039817	
67.432973	
84.410032	
93.231368	
72.978649	
66.690516	
77.708242	
74.726280	
63.021323	
77.684808	
72.148644	
75.179060	
49.777639	
48.774292	
59.428342	
63.101504	
51.916586	
85.826865	
83.465591	
69.320488	
74.995912	
73.652529	
76.597043	
76.674405	
56.712629	
69.850142	
68.506457	
63.168521	
60.556771	
81.966343	
81.917191	
81.012278	
89.025409	
73.307534	
62.819073	
72.119595	
75.874879	
71.424268	
70.942430	
61.631844	
69.445634	
67.572178	
77.826683	
59.274938	
67.052674	
59.379207	
87.535419	
83.319349	
85.006655	
83.761043	
84.643250	
79.857534	
67.133039	
74.064802	
73.753421	
73.743696	
75.985099	
91.706005	
75.039858	
87.928149	
87.213272	
79.387120	
83.027278	
85.616179	
76.775136	
75.879776	
79.096460	
78.476736	
73.571108	
86.640480	
85.343940	
83.781440	
92.609306	
95.837056	
92.510179	
87.043376	
107.205944	
111.006999	
107.028128	
105.264718	
98.704831	
101.438464	
105.809288	
112.274829	
111.560561	
110.735699	
111.710504	
111.351841	
109.989937	
111.472928	
111.268739	
106.559987	
111.572529	
107.765621	
110.993282	
109.950037	
108.965161	
105.966608	
106.492298	
106.737539	
110.727925	
110.094655	
111.288504	
111.522689	
112.189201	
114.737278	
110.706556	
112.401684	
114.663689	
112.372992	
110.952166	
108.701997	
110.422308	
109.796572	
107.715551	
107.540806	
40.541687	
44.600587	
39.553282	
38.061528	
45.827367	
43.442734	
41.751889	
46.086866	
48.117566	
46.605134	
50.573582	
45.864453	
45.678969	
57.134422	
63.673568	
65.616742	
66.294926	
60.216654	
64.412091	
52.108245	
66.465131	
53.527244	
52.565200	
57.071950	
64.707796	
50.339737	
63.795647	
64.510257	
76.741964	
79.982169	
76.875906	
64.791606	
71.007611	
58.957278	
51.643500	
61.573193	
63.172113	
54.802139	
58.355264	
51.059066	
52.692382	
72.450144	
65.786854	
75.381880	
74.214518	
71.005197	
74.823856	
67.227807	
69.238675	
64.699415	
72.256383	
64.808368	
65.028687	
67.304589	
61.214083	
78.235526	
70.621486	
89.677006	
71.592250	
77.465383	
57.338623	
45.844675	
65.887493	
68.006748	
63.385137	
51.739404	
84.615039	
76.265753	
76.996393	
74.909261	
78.123051	
71.014854	
69.268752	
77.454294	
64.146348	
76.439934	
68.137649	
67.512172	
80.093160	
81.233051	
77.734146	
89.067929	
71.918738	
75.281674	
80.690384	
69.999499	
63.364792	
72.507080	
66.887168	
70.917085	
87.055130	
85.239577	
89.058627	
88.433153	
76.016949	
88.217958	
76.404351	
79.737958	
74.318021	
77.279402	
71.122305	
77.424725	
73.911507	
83.814593	
81.860496	
88.750752	
79.551266	
80.090666	
83.405805	
87.403050	
77.993341	
82.953711	
83.894951	
76.730908	
80.304097	
87.744099	
81.449069	
92.168197	
92.320489	
82.058383	
86.966346	
85.343940	
108.027743	
109.349500	
109.144753	
107.531910	
109.974731	
109.641896	
107.175960	
105.708695	
108.592133	
111.111046	
108.625059	
109.845758	
111.484864	
112.081493	
105.269777	
111.345898	
110.860334	
110.586372	
112.411938	
112.498213	
109.847651	
110.833029	
110.167194	
113.460417	
106.989498	
109.823047	
110.027980	
109.480406	
111.824950	
114.312056	
113.155682	
113.352108	
113.626894	
111.744593	
111.921658	
40.541687	
44.600587	
46.679093	
43.442734	
39.553282	
38.061528	
45.827367	
43.442734	
37.677175	
33.827480	
43.255468	
41.751889	
48.117566	
46.605134	
50.573582	
54.493365	
67.576979	
61.271543	
55.602218	
64.354631	
54.354600	
60.995001	
56.339897	
51.084599	
51.547572	
64.398924	
49.875247	
61.301470	
74.126870	
76.171350	
77.296638	
74.410594	
57.892104	
70.021185	
68.415138	
54.673103	
49.199953	
52.373751	
56.377179	
58.544782	
46.675396	
50.102082	
47.412729	
64.809565	
71.221326	
71.959869	
59.623665	
63.575427	
48.354194	
55.464935	
65.517320	
65.934222	
64.953249	
56.027120	
60.689687	
81.357355	
67.348982	
78.013103	
86.533782	
75.628881	
65.226279	
77.252317	
65.964176	
74.862895	
69.099140	
69.457669	
63.873444	
48.935816	
44.696211	
55.906780	
49.644601	
78.728127	
85.113416	
82.164354	
80.929559	
71.928415	
68.159267	
74.561693	
62.784368	
63.260673	
70.173001	
69.665909	
60.929153	
77.354515	
58.894935	
63.125439	
60.367560	
80.988462	
76.931224	
86.738151	
72.315711	
65.516122	
62.839419	
71.652691	
73.699932	
65.891087	
67.056272	
60.662148	
64.483920	
76.376136	
65.449045	
63.120652	
54.728580	
88.171803	
82.504169	
86.116948	
90.666775	
84.534283	
83.108495	
83.822243	
72.704606	
67.479773	
71.013648	
79.791509	
76.772678	
64.791606	
59.457103	
71.138001	
69.812810	
86.276508	
83.976630	
69.336129	
82.834556	
87.809799	
82.387871	
83.897504	
83.880918	
77.549184	
77.280632	
84.435643	
80.406530	
78.543580	
72.945899	
82.510491	
80.441519	
83.910262	
92.636861	
94.314766	
88.228510	
86.425872	
84.306360	
107.644133	
106.452429	
108.553756	
107.123101	
105.802461	
102.709378	
109.452313	
101.935996	
106.033471	
112.902148	
111.415304	
109.102090	
111.292460	
111.835010	
109.521647	
110.460838	
110.694906	
112.172918	
106.433374	
112.659114	
111.929730	
108.402463	
112.706728	
111.284551	
108.852672	
108.941159	
106.324409	
110.391515	
110.439641	
110.054634	
109.938647	
111.284551	
112.562055	
113.943436	
113.185163	
110.362672	
112.477649	
113.149368	
111.193737	
110.218828	
40.541687	
44.600587	
46.679093	
43.442734	
39.553282	
48.154361	
37.677175	
41.751889	
46.086866	
48.117566	
50.573582	
45.864453	
45.678969	
55.345688	
60.597485	
62.770008	
53.609439	
62.704187	
46.544718	
48.859958	
47.346335	
47.449608	
48.513482	
48.534305	
57.727660	
60.650174	
51.288813	
56.278556	
75.361102	
75.621542	
72.699757	
59.234186	
70.075399	
68.560534	
49.209733	
45.838493	
62.159661	
48.188696	
48.444876	
61.197323	
47.760441	
44.425388	
47.799733	
69.094329	
60.444205	
69.702029	
62.366704	
56.087282	
55.881507	
47.540557	
68.469208	
45.263018	
59.714727	
63.880626	
61.455889	
50.291001	
56.279759	
60.155570	
86.855455	
66.955526	
74.770186	
58.252094	
76.007148	
70.285085	
65.470606	
43.810602	
50.415266	
50.348265	
45.326196	
76.959503	
81.456610	
82.518079	
81.003503	
72.045774	
71.986486	
62.449280	
66.230208	
56.809988	
66.306912	
66.796032	
68.088408	
67.159429	
67.759422	
67.117446	
64.615608	
50.917987	
78.698390	
78.262727	
83.970249	
72.016734	
61.244010	
63.010552	
67.348982	
59.799791	
63.342053	
58.242496	
59.898028	
62.285323	
52.110670	
80.745454	
82.146687	
83.773791	
80.765484	
77.210465	
81.982730	
63.583806	
66.563432	
58.752251	
72.564025	
76.219161	
77.837790	
89.897773	
83.786541	
75.670477	
87.639057	
84.000888	
79.699361	
81.137684	
70.140465	
78.357954	
70.054917	
81.392527	
77.482635	
65.591586	
82.212315	
93.683419	
87.221118	
82.902996	
85.983482	
106.686982	
107.446620	
110.404984	
108.251771	
108.451612	
108.034949	
103.367860	
107.340262	
98.209575	
103.492790	
112.572365	
112.166814	
110.757087	
109.913978	
110.130904	
104.179843	
109.815481	
111.116944	
110.337694	
105.401509	
107.001785	
107.988131	
109.261875	
111.111046	
111.195708	
111.654440	
111.968106	
114.916575	
113.282250	
109.717262	
112.623970	
113.017109	
109.564814	
107.926995	
106.601696	
38.560039	
34.298680	
43.555025	
47.565134	
30.329098	
46.716066	
40.351975	
40.996308	
42.015731	
42.918015	
47.159368	
44.227678	
42.767878	
56.793161	
53.376114	
60.219049	
51.196445	
67.569777	
51.995444	
50.403084	
56.498633	
49.786181	
58.781028	
57.582393	
57.116401	
56.653727	
74.094009	
77.129243	
63.991938	
73.625792	
68.419944	
69.641832	
53.385788	
52.007574	
58.884144	
58.486012	
58.753450	
62.591693	
53.064025	
43.236733	
72.671879	
62.567758	
73.629438	
54.054012	
69.891091	
72.187377	
65.731745	
62.221894	
71.456893	
57.088770	
62.869337	
62.640760	
79.698116	
78.871912	
88.675240	
67.468972	
75.792855	
74.993471	
70.909843	
77.352052	
72.210378	
72.482851	
52.956316	
46.106627	
63.169719	
56.064421	
78.454460	
84.634273	
75.571391	
78.413625	
74.078188	
77.251085	
76.529523	
80.355307	
60.263365	
76.295183	
65.849153	
61.344565	
64.245699	
78.766543	
78.857033	
72.613707	
66.406396	
75.078925	
77.359442	
69.144846	
71.098156	
73.509144	
78.414863	
69.160483	
69.761029	
70.924326	
66.172682	
69.643035	
86.358312	
80.876939	
78.047688	
86.205136	
85.980891	
78.309717	
86.523376	
74.699452	
85.179055	
75.321997	
70.579273	
80.612812	
70.818129	
84.595807	
84.875566	
84.474066	
87.078641	
79.620945	
83.917919	
84.506093	
86.397284	
84.803649	
77.291713	
82.540845	
80.321582	
79.781545	
83.310452	
85.962761	
90.104244	
93.481440	
80.720420	
110.050826	
105.667840	
110.596048	
107.225357	
107.603126	
110.753197	
105.237748	
108.625059	
111.207540	
113.017109	
111.824950	
112.079465	
110.209260	
113.185163	
108.698330	
110.047016	
109.394327	
105.775162	
111.780728	
109.700291	
109.167033	
109.809807	
115.471586	
113.919620	
111.879311	
113.313982	
114.873876	
114.117289	
113.405147	
113.464673	
112.935543	
111.955982	
38.560039	
39.781796	
44.190356	
37.561718	
34.298680	
43.555025	
47.565134	
38.138305	
30.329098	
46.716066	
40.996308	
42.015731	
42.918015	
44.227678	
42.767878	
52.790467	
65.845559	
59.840524	
54.161472	
50.406739	
61.719219	
51.853490	
52.239201	
47.488941	
58.872155	
48.993307	
50.209351	
56.533502	
59.781820	
55.419166	
72.590683	
72.627038	
73.333031	
68.799725	
67.141436	
66.136730	
53.962231	
47.633935	
56.359140	
51.355644	
53.252755	
54.198896	
60.044173	
47.460671	
47.048605	
44.409230	
72.252750	
73.922455	
58.232898	
71.064351	
54.563337	
64.078120	
64.213380	
68.083604	
64.170287	
63.203228	
53.696452	
50.448153	
56.157061	
54.726168	
78.282510	
66.846395	
74.516599	
87.251204	
63.100308	
73.336675	
75.069158	
68.170076	
71.553572	
62.918403	
49.834986	
53.932037	
51.004343	
45.272930	
78.212037	
84.108178	
85.356831	
85.011797	
71.144039	
69.142441	
72.627038	
63.364792	
73.228622	
66.299721	
62.443297	
61.327805	
56.033136	
78.635215	
77.871113	
86.848936	
71.911480	
63.405482	
67.009496	
70.497268	
76.336883	
67.759422	
66.486710	
65.562837	
72.765218	
64.403713	
63.102700	
86.877627	
79.619699	
88.781236	
88.336728	
89.455365	
76.419074	
72.335086	
82.878911	
68.284188	
73.267469	
69.889886	
67.164228	
71.742160	
73.211628	
70.221205	
89.005483	
85.573565	
75.627657	
79.832615	
81.928532	
83.135153	
83.940891	
78.341873	
76.035325	
81.524487	
77.871113	
82.028117	
80.192984	
92.404289	
88.648757	
82.161829	
86.109170	
84.834466	
107.515905	
110.056538	
109.345766	
106.817859	
106.167505	
108.714835	
108.098063	
112.250339	
112.016648	
111.684462	
111.174029	
110.611536	
106.896584	
111.524680	
112.242180	
111.506757	
109.111360	
106.326137	
106.480159	
109.237675	
108.878458	
111.383556	
109.692751	
111.026604	
109.540408	
111.270715	
114.237479	
114.422115	
112.448883	
110.211174	
113.569153	
112.665320	
38.560039	
39.781796	
44.190356	
39.057280	
37.561718	
34.298680	
43.555025	
47.565134	
38.138305	
36.519361	
30.329098	
40.351975	
42.015731	
42.918015	
47.159368	
47.159368	
44.227678	
42.767878	
51.462552	
56.991449	
59.995060	
51.701773	
44.998993	
52.746877	
45.630722	
46.395475	
54.084199	
45.895354	
57.788880	
56.879693	
51.153899	
52.941792	
75.572614	
72.630673	
71.782065	
67.459373	
68.506457	
55.975377	
47.397976	
42.394622	
57.780477	
46.756731	
50.823095	
36.768260	
43.688457	
42.787903	
57.229322	
74.111048	
61.978941	
63.984758	
63.447370	
54.996239	
55.204728	
47.193817	
48.199733	
60.559167	
56.106532	
57.563183	
57.371050	
54.979363	
58.861364	
75.330551	
78.166304	
85.447095	
61.966973	
71.020890	
66.722889	
67.340583	
64.853867	
64.123605	
61.398431	
40.478469	
35.982997	
50.909472	
53.247917	
77.272014	
79.192059	
74.260785	
71.467768	
61.083593	
64.451598	
71.432727	
66.611386	
64.601242	
56.476989	
64.093680	
64.348646	
50.711139	
74.064802	
75.545708	
83.253268	
67.998343	
60.804633	
60.918378	
71.796577	
65.906663	
57.622013	
61.308653	
67.522974	
52.686326	
50.415266	
52.402837	
86.316754	
78.525010	
83.469408	
81.436504	
74.389883	
83.772516	
63.179294	
62.944731	
63.866263	
70.707131	
53.405134	
75.928759	
70.126005	
75.374547	
79.392093	
77.536859	
77.103405	
88.573315	
81.737091	
75.966725	
87.285222	
84.301242	
79.973442	
81.327212	
87.039458	
83.960037	
81.054906	
72.555544	
68.755246	
77.423494	
77.347126	
82.067212	
60.690885	
80.150552	
73.902994	
62.219501	
82.587651	
90.862649	
92.250486	
86.740756	
82.985417	
84.515062	
83.801840	
108.431580	
109.465420	
108.466187	
105.071217	
99.713047	
106.634745	
98.276284	
103.089909	
112.764800	
112.964797	
112.075408	
111.855138	
111.528665	
110.287797	
110.745419	
110.320414	
111.217403	
110.889613	
108.141401	
110.138542	
110.619283	
105.565869	
106.566936	
107.420004	
108.326134	
111.903501	
110.938472	
110.472406	
113.556338	
111.899469	
113.872051	
111.642439	
109.664489	
111.830985	
109.704061	
109.655074	
107.957550	
106.772442	
37.176344	
42.730331	
37.407663	
33.512604	
32.207241	
44.488772	
39.057280	
35.042064	
43.816832	
40.427881	
39.972031	
41.185448	
44.526050	
45.678969	
41.940380	
42.805422	
61.032115	
53.704910	
58.056518	
64.995159	
53.993632	
49.230512	
62.661104	
50.360447	
56.384394	
61.990909	
58.135713	
56.489014	
75.524918	
74.856796	
60.733991	
73.193421	
55.986207	
56.333882	
47.310673	
55.832159	
56.797969	
54.108348	
59.127507	
50.993398	
54.464408	
74.579976	
73.488491	
68.173680	
72.361728	
63.172113	
55.313162	
56.460155	
63.205622	
66.654546	
70.368260	
63.381546	
59.288121	
61.463070	
78.297349	
80.304097	
87.648245	
72.358095	
67.863865	
77.487563	
67.347781	
73.189780	
75.808768	
72.361728	
73.759501	
58.324074	
46.665536	
61.039297	
62.499544	
62.759237	
57.492340	
79.696871	
85.096688	
78.849593	
73.076919	
70.229642	
67.958718	
73.783817	
72.541004	
68.276980	
73.313605	
68.027163	
69.379448	
77.889628	
79.471664	
87.540664	
67.968323	
77.952592	
74.861675	
70.843470	
68.069193	
65.941410	
73.475129	
75.215704	
78.729366	
68.678315	
65.332867	
71.952610	
67.615384	
62.747270	
85.529674	
85.006655	
80.169271	
86.336233	
88.279967	
85.103122	
84.406192	
71.122305	
73.428971	
77.874816	
72.502234	
68.039171	
67.483371	
81.646482	
87.416151	
82.313331	
88.360496	
79.741695	
78.746715	
87.278680	
85.876030	
76.126001	
79.337405	
77.843960	
85.031086	
74.673846	
89.392695	
91.550630	
89.562122	
80.201721	
87.515752	
108.331581	
111.138585	
110.125178	
110.195870	
107.453721	
106.676529	
111.038373	
105.403200	
109.604274	
111.632443	
110.215001	
108.255395	
109.619318	
110.260958	
110.854481	
111.968106	
112.424248	
109.800353	
112.628102	
113.004546	
110.605728	
109.016912	
110.075591	
109.606154	
106.893082	
111.931748	
109.459802	
109.176321	
109.299136	
113.878533	
111.980233	
114.512715	
110.862285	
112.960616	
113.006639	
111.945883	
112.768952	
109.168890	
37.176344	
36.867469	
37.407663	
33.512604	
42.091058	
44.488772	
39.057280	
35.042064	
43.816832	
40.427881	
39.972031	
41.374425	
41.185448	
44.526050	
41.940380	
53.540540	
57.291781	
63.752560	
58.242496	
52.699647	
49.698310	
47.935989	
51.467411	
57.555978	
48.284329	
50.144750	
54.605558	
57.240133	
55.593789	
56.722247	
71.667199	
72.071188	
72.733698	
55.454094	
65.800033	
52.322844	
65.227476	
51.509923	
44.824068	
58.115314	
50.808494	
54.689988	
52.817105	
57.815287	
43.578724	
48.455902	
43.379081	
69.545529	
72.032464	
73.391321	
58.136913	
66.062433	
60.244201	
50.711139	
62.555792	
67.386176	
56.547931	
60.204677	
63.769316	
61.859255	
55.280634	
46.840506	
59.080756	
79.782790	
77.360674	
85.995138	
69.095531	
59.014824	
73.458123	
65.730546	
66.881172	
68.120834	
62.785566	
44.949381	
50.081357	
52.866741	
76.437479	
82.323437	
84.978371	
81.610001	
71.939303	
64.176272	
63.488060	
63.162538	
71.047448	
52.899426	
70.958122	
66.893163	
79.009589	
77.038208	
86.332338	
72.123226	
62.732909	
67.730612	
68.809343	
76.361415	
67.364578	
67.226608	
57.797282	
64.480329	
73.692639	
50.707487	
63.308544	
86.126023	
80.494016	
87.522307	
88.343329	
89.420692	
76.157868	
82.520610	
71.998585	
83.156738	
67.393376	
72.189799	
70.628723	
79.110114	
68.379094	
63.618514	
69.452855	
89.571469	
84.422837	
69.527475	
82.501640	
87.614124	
75.716973	
85.684648	
83.408348	
82.561084	
82.967662	
75.335439	
77.589864	
75.575060	
76.805855	
74.441051	
83.910262	
80.284117	
93.610929	
92.180537	
89.828148	
81.033592	
84.762569	
85.895442	
107.690541	
110.130904	
106.504439	
106.131378	
108.542800	
104.470674	
105.650829	
112.268705	
109.366303	
111.664444	
110.428085	
110.780435	
113.052738	
106.207108	
111.788763	
111.750612	
108.404281	
111.199652	
111.109078	
109.403674	
107.749520	
108.002531	
106.556513	
109.866589	
108.887673	
109.626842	
111.415304	
110.576698	
114.741746	
111.847085	
112.344328	
114.576993	
114.230908	
112.506443	
110.272459	
112.085551	
111.018761	
111.179939	
109.219072	
37.176344	
36.867469	
42.730331	
42.091058	
44.488772	
35.042064	
29.563148	
43.816832	
39.972031	
41.374425	
44.526050	
45.678969	
41.940380	
42.805422	
58.984852	
50.264193	
60.178326	
44.458946	
40.517666	
61.582769	
47.826744	
41.472628	
48.681257	
56.153452	
47.651133	
45.357160	
55.922426	
55.923629	
52.391930	
53.839025	
63.811207	
74.020996	
75.230363	
69.555159	
66.360848	
47.900397	
39.692960	
44.578228	
49.273288	
54.978158	
35.456697	
41.324047	
57.306195	
67.951513	
73.426542	
65.316100	
53.636027	
55.064941	
47.268857	
61.410401	
63.435402	
58.674305	
49.358824	
54.604352	
51.276660	
57.846495	
74.999573	
62.075884	
76.479202	
83.520308	
66.305713	
70.443008	
64.555750	
62.711367	
73.260185	
61.196125	
40.288699	
43.110547	
54.219418	
39.695499	
85.157173	
82.561084	
78.215746	
72.247908	
69.576826	
66.605391	
56.312234	
56.000648	
71.716769	
66.784040	
62.287717	
66.037268	
55.070966	
63.660402	
58.129713	
50.300748	
47.552846	
74.759208	
74.010046	
74.143911	
68.868253	
57.820089	
68.730002	
63.424631	
59.588916	
62.135725	
55.650381	
55.641952	
68.192897	
45.384405	
54.898595	
85.235712	
79.296400	
80.204217	
84.503531	
83.362571	
84.439484	
64.450400	
78.360428	
70.780724	
57.913708	
78.981054	
78.041511	
87.391264	
84.011103	
75.668029	
85.744103	
78.873151	
79.972195	
85.781599	
87.157049	
79.172191	
68.355067	
73.029600	
73.313605	
75.183945	
64.590467	
71.985275	
57.103186	
81.105069	
92.068180	
87.379477	
81.475463	
82.421994	
83.585231	
107.082622	
108.939314	
104.396145	
109.245119	
103.230311	
101.799000	
106.136538	
99.487424	
101.491612	
112.428352	
113.126230	
111.564549	
111.760647	
110.922830	
109.675790	
111.496804	
110.485908	
104.257335	
112.313646	
107.373911	
108.928242	
109.753118	
108.159471	
105.946057	
107.613820	
110.739587	
110.926740	
113.077913	
110.408832	
114.694882	
113.415767	
111.061925	
113.880694	
113.140953	
111.706497	
110.592177	
107.792470	
106.431643	
106.933374	
35.782255	
38.636619	
30.127917	
39.743728	
40.958460	
32.801903	
29.522723	
41.940380	
35.704488	
37.523216	
39.133668	
42.166360	
40.731230	
38.789691	
39.286356	
51.825578	
57.955713	
60.505279	
50.756169	
55.869472	
43.689703	
63.364792	
50.011854	
42.905507	
52.206465	
59.395985	
46.257261	
51.775818	
56.507050	
58.992046	
71.720396	
76.468158	
76.181157	
73.583259	
60.984226	
72.123226	
65.284962	
54.279772	
47.729741	
50.793893	
59.201824	
53.333789	
58.124914	
49.176727	
45.990510	
49.208510	
49.253733	
74.598260	
74.102529	
66.792433	
53.195902	
55.496248	
63.346840	
63.307346	
68.125637	
60.216654	
64.125998	
78.712020	
68.397116	
81.428963	
76.498838	
70.007933	
77.443206	
72.761580	
72.840389	
54.393216	
59.636846	
48.014521	
85.436776	
82.999370	
77.692209	
77.725512	
71.704678	
68.307013	
68.832184	
75.740226	
71.151284	
63.009355	
76.358962	
71.969548	
65.578410	
64.145150	
62.200351	
77.471544	
81.660322	
87.713890	
78.507680	
73.238334	
69.219428	
72.375050	
64.292385	
73.466626	
71.023304	
61.624661	
70.924326	
66.432767	
84.869143	
79.255402	
78.355480	
85.501282	
86.880234	
77.524534	
82.325963	
72.525253	
85.282086	
73.278395	
77.832852	
69.135223	
66.750467	
78.404965	
77.720577	
87.482979	
84.166965	
70.427334	
88.475448	
77.384075	
82.339858	
85.670435	
77.971114	
79.967209	
77.885925	
81.786191	
71.886077	
84.910254	
85.363276	
88.565377	
95.509662	
91.763313	
89.235515	
78.663704	
84.720219	
83.470680	
110.534170	
110.514856	
107.007052	
109.495396	
107.103737	
106.238127	
111.148427	
106.400483	
108.417019	
111.875280	
110.197782	
110.687142	
110.879851	
111.901485	
112.692228	
106.943891	
112.346374	
111.572529	
109.521647	
113.524326	
113.168312	
110.431936	
110.245632	
107.015832	
112.057160	
108.647025	
109.115068	
115.126638	
112.998267	
112.053106	
114.206832	
113.652596	
111.290482	
112.968978	
113.227333	
112.737824	
112.004505	
111.050147	
31.570448	
35.782255	
38.636619	
30.127917	
39.743728	
40.958460	
32.801903	
37.523216	
39.133668	
38.789691	
39.286356	
50.919204	
54.733404	
60.749556	
56.290583	
51.181857	
47.759214	
47.836565	
43.471435	
49.439453	
55.981394	
55.644360	
54.050390	
72.175273	
73.064786	
71.676871	
51.829219	
68.071594	
46.945190	
61.130283	
48.311296	
44.340851	
58.514798	
52.172515	
50.358012	
44.816623	
55.493839	
41.751889	
46.342418	
43.452719	
65.886296	
64.614412	
73.742479	
56.962610	
65.356821	
55.496248	
48.278200	
65.538880	
63.768120	
56.853255	
62.421756	
60.596288	
44.427875	
56.195557	
65.997727	
73.885965	
84.852446	
59.603296	
73.972330	
65.517320	
65.111313	
70.256157	
68.773278	
69.753804	
66.770850	
47.839021	
44.236386	
48.466928	
55.822529	
42.721567	
74.598260	
85.567109	
81.087512	
67.725810	
64.965223	
71.566867	
61.838909	
65.844360	
61.601920	
70.693861	
52.658470	
66.302118	
63.225966	
60.963873	
54.743052	
56.106532	
77.088642	
81.377453	
86.749877	
60.790266	
61.721613	
68.311818	
64.457582	
60.883656	
52.410108	
58.211301	
46.924257	
60.389116	
85.691109	
78.767782	
77.253547	
87.438423	
86.958515	
81.686747	
69.130412	
81.970125	
66.370436	
61.898752	
79.562463	
73.201918	
71.906641	
86.962430	
68.159267	
83.033622	
88.426546	
76.708797	
82.193382	
83.599237	
82.427048	
80.397783	
80.452767	
84.499687	
83.507581	
71.234611	
91.746936	
91.990159	
92.573498	
79.178399	
81.578557	
108.511770	
105.879329	
108.562891	
102.767001	
106.926364	
112.632235	
111.126779	
110.827181	
109.864694	
110.875947	
110.842778	
105.153565	
112.368896	
109.366303	
110.578633	
110.659982	
107.701258	
107.726274	
110.326173	
108.415199	
110.339616	
110.644472	
112.075408	
115.875325	
113.665455	
111.839034	
112.889635	
115.317925	
114.340626	
112.289124	
111.980233	
110.989364	
108.300725	
109.965233	
31.570448	
35.782255	
34.768563	
30.810829	
39.743728	
40.958460	
29.522723	
26.126455	
41.940380	
35.704488	
35.587772	
39.133668	
40.731230	
39.286356	
45.332389	
56.194353	
57.015479	
55.711782	
36.948599	
44.202798	
38.881477	
45.103148	
52.815894	
41.959220	
42.755363	
53.799157	
53.835400	
53.747202	
50.697751	
71.141623	
70.300754	
71.639393	
66.249383	
42.209019	
53.119684	
48.874642	
43.535066	
51.204952	
63.826766	
57.581192	
68.606202	
71.198379	
58.354065	
62.327211	
61.394840	
52.320421	
56.187135	
39.138759	
58.370859	
60.093285	
48.869748	
55.086634	
45.633197	
50.997047	
48.169076	
50.752517	
51.904453	
72.976223	
66.887168	
65.488572	
59.899225	
58.845776	
68.347857	
58.345667	
59.717122	
58.599951	
43.138039	
33.310239	
41.492766	
49.382037	
53.443826	
36.989794	
76.578626	
68.540104	
55.999444	
60.458576	
73.123029	
66.424376	
61.374490	
68.189294	
57.577591	
48.297812	
49.959412	
51.912946	
46.749337	
72.579777	
74.994691	
81.860496	
63.545507	
50.077699	
65.446650	
62.937550	
64.154726	
54.095067	
65.629918	
53.644487	
52.486449	
49.190175	
44.634121	
86.158440	
77.535626	
83.775066	
84.581705	
70.820542	
80.747958	
65.905465	
76.584765	
66.061234	
63.574231	
62.942337	
78.598061	
62.337982	
74.592165	
80.246660	
76.866073	
86.911540	
82.715488	
75.909164	
85.791943	
87.749355	
78.653794	
76.130904	
81.032338	
85.813930	
85.577438	
79.279006	
68.476417	
76.343016	
72.811288	
70.874845	
71.069180	
67.058672	
84.129902	
77.906911	
61.960988	
81.268199	
91.364243	
93.109373	
79.564951	
106.386641	
106.914099	
109.553547	
107.476806	
102.887252	
107.549703	
109.441082	
107.114298	
99.264126	
112.115998	
111.828973	
111.576520	
110.149999	
110.410757	
111.742587	
104.940438	
110.534170	
108.566545	
109.113214	
109.898807	
105.074575	
104.840091	
106.352057	
109.163318	
110.952166	
111.662443	
111.684462	
109.851438	
114.717187	
113.282250	
111.085493	
112.034872	
113.044350	
109.131763	
112.750271	
109.063180	
107.699470	
105.657632	
33.276049	
34.272537	
35.548850	
40.136758	
36.467733	
26.126455	
36.183514	
37.304890	
34.781596	
35.885893	
40.529046	
36.893229	
36.299840	
46.554584	
53.639654	
60.419057	
51.322838	
46.357226	
54.192861	
54.744258	
46.099217	
47.813239	
52.686326	
51.883826	
55.502268	
54.662248	
65.827587	
76.489020	
65.349635	
68.556928	
62.184794	
57.120006	
49.888667	
48.404440	
56.069234	
60.002248	
50.863244	
43.970045	
47.897942	
44.216482	
62.450478	
70.613043	
74.262003	
72.724000	
70.503297	
65.256219	
60.852527	
68.554526	
68.711972	
58.876950	
61.703659	
64.638356	
56.796767	
54.822637	
54.914267	
72.153485	
72.138961	
77.524534	
77.999516	
71.444809	
74.151215	
74.399629	
65.605961	
77.304026	
74.732378	
71.455684	
59.004034	
53.314438	
55.964547	
47.185206	
66.414786	
83.664194	
84.096679	
80.884454	
76.463249	
74.738475	
73.448406	
75.215704	
69.592475	
70.749354	
71.882449	
66.147515	
62.387049	
67.129441	
67.526574	
66.123548	
60.496896	
75.215704	
81.642708	
80.445268	
77.958765	
67.089857	
67.540975	
70.874845	
75.334217	
72.186167	
66.859586	
69.078692	
66.585010	
67.525374	
61.393642	
77.077570	
84.906400	
87.665310	
80.547778	
82.561084	
75.818561	
78.956244	
73.781385	
80.998490	
73.588119	
80.334072	
70.892947	
64.871826	
75.730435	
75.082588	
83.521580	
76.642476	
80.192984	
86.341428	
83.160547	
81.578557	
86.837201	
82.332279	
80.652845	
79.469177	
83.879641	
80.390287	
76.874677	
83.072958	
79.983416	
79.062947	
91.095501	
89.979507	
81.721986	
83.744473	
98.965125	
108.713002	
110.671619	
109.732355	
109.170747	
108.812187	
107.435972	
107.970139	
108.493531	
108.769908	
110.609600	
109.002117	
109.211632	
110.969781	
111.207540	
112.254419	
108.502649	
109.736129	
112.022721	
110.687142	
109.906392	
109.783340	
108.830584	
109.666372	
108.674500	
110.239887	
113.227333	
114.712725	
112.559993	
113.204132	
113.386041	
113.422142	
111.044260	
112.700513	
113.719105	
112.502327	
111.642439	
34.272537	
34.976984	
30.020510	
40.136758	
36.467733	
29.886140	
36.183514	
37.304890	
34.220238	
35.885893	
39.171851	
36.299840	
46.857751	
55.596198	
50.580887	
49.915504	
48.994532	
43.492648	
47.687984	
43.078052	
53.386997	
51.668996	
49.693428	
68.553324	
73.034453	
59.829742	
63.956031	
65.417904	
52.680271	
53.813655	
50.815795	
53.066445	
55.580544	
51.107701	
47.605680	
46.846665	
44.665169	
48.637178	
42.561285	
65.044254	
68.486030	
63.894988	
64.619201	
64.085302	
59.656017	
58.402048	
61.540874	
56.971021	
53.382159	
61.921493	
56.727055	
50.510264	
47.928625	
52.813472	
71.944142	
83.229129	
71.950191	
61.689297	
68.629037	
64.980789	
66.736078	
69.097937	
63.607742	
69.251909	
55.375803	
31.168455	
48.593094	
55.426393	
58.898531	
80.696641	
79.046815	
72.375050	
67.540975	
59.102334	
65.098141	
68.764862	
69.058248	
62.884895	
63.267854	
66.490305	
63.275033	
56.464965	
67.302189	
80.875686	
76.583538	
76.095363	
65.942609	
64.895775	
61.139859	
65.033478	
58.662312	
63.283411	
54.058843	
57.398671	
76.592132	
79.362261	
82.650924	
88.108536	
78.897952	
80.896982	
80.910763	
69.137628	
72.918003	
67.454572	
66.317699	
70.003114	
70.033232	
83.103418	
76.883281	
85.925215	
78.659987	
81.361123	
79.061707	
76.588449	
78.219454	
80.365300	
77.451829	
81.253134	
75.337884	
77.018530	
90.824795	
90.284238	
83.562314	
85.376167	
85.844977	
98.254041	
107.105497	
109.265598	
106.659114	
107.919808	
108.930087	
105.366004	
103.750125	
105.415042	
101.874541	
104.216099	
112.079465	
111.132682	
112.375041	
110.441567	
111.318177	
107.526575	
109.889327	
113.237885	
109.921566	
111.079600	
109.422373	
107.703044	
108.380639	
109.857118	
110.259042	
110.509064	
110.829130	
111.144490	
110.885708	
114.309858	
114.150014	
112.487930	
112.036897	
114.342825	
114.250624	
110.924785	
112.409888	
113.736296	
109.120633	
110.066064	
106.922859	
33.276049	
34.768563	
35.937688	
34.494622	
31.251069	
29.401384	
37.869449	
41.261059	
34.023975	
27.773598	
25.295199	
35.237156	
40.655433	
35.081099	
36.906106	
48.084449	
53.600978	
54.095067	
56.163076	
55.552848	
39.349942	
38.792241	
42.048376	
51.091895	
38.970671	
41.012707	
53.073705	
50.076479	
49.958194	
50.792676	
62.293702	
70.191078	
54.067295	
64.206198	
43.346623	
48.187471	
38.741230	
44.162984	
32.696347	
42.731582	
34.266001	
39.710731	
64.081711	
57.463519	
70.661291	
69.063057	
63.185277	
56.557550	
52.124011	
55.377008	
40.657961	
60.769912	
56.194353	
54.606765	
47.190127	
46.754266	
45.787801	
72.918003	
58.946488	
70.441803	
59.846515	
61.326609	
60.517255	
46.135033	
42.710302	
52.067009	
78.482925	
82.034423	
74.430086	
67.869868	
56.934972	
57.949712	
73.309963	
65.570024	
63.770513	
48.819575	
61.455889	
45.918838	
46.682791	
56.550336	
45.298945	
72.850090	
77.235082	
80.086923	
81.850419	
62.401411	
56.971021	
52.132499	
65.788051	
68.434363	
57.918509	
60.815410	
61.412796	
54.435450	
50.120370	
86.865889	
81.167794	
81.798783	
82.397980	
73.294178	
65.462222	
74.266873	
63.540720	
64.304354	
76.476747	
64.300763	
79.795246	
74.782383	
88.298444	
82.036944	
87.116532	
86.267423	
77.899504	
82.344912	
85.934277	
83.801840	
81.393784	
72.868279	
76.875906	
66.426774	
69.659890	
65.501748	
83.526672	
74.119568	
62.369097	
82.544639	
94.640026	
91.556077	
86.496067	
80.848129	
78.603015	
79.416955	
106.269169	
109.258150	
108.163088	
104.268887	
105.729135	
108.009733	
106.582574	
99.960826	
101.176580	
112.870875	
110.151909	
112.372992	
108.913485	
110.045113	
112.032847	
104.558604	
110.930650	
110.453128	
110.039400	
109.940545	
107.437746	
106.336504	
104.655018	
108.865563	
110.685202	
112.448883	
110.698790	
115.538401	
110.671619	
111.929730	
113.762101	
112.835473	
111.154333	
110.646409	
109.379378	
30.971064	
33.512604	
33.236590	
30.931022	
25.086555	
34.690338	
35.821126	
26.374813	
22.171406	
29.603562	
37.369131	
38.674898	
33.354939	
35.042064	
55.719006	
59.561356	
57.206499	
45.528014	
44.958064	
59.259356	
43.163028	
43.284191	
43.205504	
57.298989	
51.551215	
54.264080	
76.630195	
74.204777	
74.754330	
60.077712	
68.649469	
68.260162	
52.794100	
54.194067	
49.295286	
52.087628	
57.267760	
50.807277	
45.797694	
41.810966	
71.598294	
72.644004	
75.813664	
69.828464	
64.327099	
57.129617	
71.298627	
66.677326	
62.637169	
50.031365	
54.861221	
55.787622	
79.137425	
87.671873	
71.275675	
77.583699	
62.202745	
79.810193	
70.019980	
69.143643	
66.207436	
51.949344	
46.640884	
60.542402	
56.980634	
45.904006	
78.172484	
86.622257	
83.022204	
81.631386	
74.337507	
74.682382	
67.176223	
71.668408	
71.667199	
75.058169	
66.636563	
61.653388	
74.046549	
62.967470	
66.677326	
78.021749	
80.182999	
77.324959	
88.530983	
74.316802	
69.773070	
71.888496	
76.470611	
67.372978	
66.154706	
73.357318	
69.071477	
74.112265	
65.794042	
62.316440	
68.410333	
58.160910	
86.420673	
81.913411	
77.398856	
87.822942	
88.367099	
85.251169	
72.920428	
81.528259	
74.272962	
78.173720	
70.256157	
67.131840	
79.618456	
75.159519	
75.697395	
86.091020	
71.235819	
88.262812	
80.687881	
86.622257	
83.592871	
82.927084	
78.643885	
82.298176	
79.152325	
76.302541	
80.280372	
78.646362	
84.840888	
77.377916	
81.044875	
88.409370	
92.703026	
89.924563	
88.478091	
83.606877	
84.907685	
108.188404	
108.369732	
110.237972	
109.187467	
107.101977	
110.722096	
108.976244	
107.207709	
105.630424	
111.040336	
108.889516	
112.187164	
111.022682	
109.384984	
109.224652	
111.314219	
109.755006	
112.132250	
112.983618	
107.017588	
109.517895	
113.755647	
113.017109	
110.174838	
112.034872	
107.281885	
111.164180	
109.499145	
108.407920	
108.228222	
110.176749	
113.403024	
114.912076	
114.450808	
110.764868	
113.103112	
114.472900	
114.182779	
113.073716	
30.971064	
33.512604	
33.236590	
30.931022	
27.445759	
35.821126	
29.441842	
26.374813	
22.171406	
36.906106	
34.181004	
29.603562	
32.683149	
34.298680	
38.674898	
33.354939	
49.850847	
56.577988	
53.812447	
42.442252	
56.913342	
44.553382	
45.129180	
47.601993	
39.152761	
52.756564	
53.128154	
46.044869	
67.611784	
52.732345	
65.881502	
60.596288	
46.000393	
44.149297	
46.038692	
51.016505	
53.535705	
44.776906	
49.209733	
40.747650	
36.792747	
64.559341	
64.086498	
74.903161	
61.720416	
66.286536	
60.311272	
62.653925	
56.409650	
41.863745	
62.513905	
59.272541	
59.410366	
48.957835	
47.786227	
48.245099	
78.104517	
62.762827	
78.356717	
84.665054	
68.528087	
63.107488	
71.487103	
62.090246	
64.949657	
65.511330	
67.119844	
35.395669	
42.802920	
85.810050	
82.763610	
80.462766	
70.293523	
62.255404	
55.474570	
71.581371	
50.745216	
69.712865	
58.450027	
72.533734	
53.608229	
62.591693	
55.970563	
47.753075	
80.849382	
85.821692	
64.318719	
63.515588	
60.102867	
70.814510	
63.823175	
61.552845	
51.734550	
71.187511	
53.366440	
55.715394	
64.542581	
58.248494	
55.619075	
83.642538	
83.940891	
85.471605	
78.184844	
73.393750	
80.396533	
64.965223	
71.279299	
75.256017	
69.250706	
75.479677	
63.040470	
52.819525	
69.309659	
68.768468	
86.432369	
70.088652	
81.670389	
86.514273	
79.511462	
82.118930	
79.726752	
78.538628	
77.072649	
73.187353	
81.219245	
79.770336	
88.099312	
88.908563	
82.799079	
84.914110	
109.739903	
108.462543	
108.373366	
109.183751	
107.901847	
105.291706	
112.315691	
111.379590	
110.901333	
110.283962	
111.052110	
112.667388	
108.531845	
111.316198	
108.928242	
110.764868	
107.928791	
108.462543	
110.952166	
111.460997	
111.144490	
110.588307	
110.601856	
116.082194	
111.278619	
114.948083	
113.949935	
112.665320	
110.663860	
109.775782	
109.230233	
109.355100	
30.971064	
33.512604	
30.931022	
25.086555	
35.821126	
26.374813	
22.171406	
36.906106	
34.181004	
32.683149	
38.674898	
33.354939	
47.459442	
54.709284	
56.124579	
43.441486	
49.261066	
36.235223	
39.414778	
38.236792	
37.951427	
48.926029	
37.365276	
38.408065	
49.672679	
51.542713	
47.060915	
56.563561	
64.442020	
53.489767	
45.441362	
34.863685	
40.498702	
41.100986	
64.117620	
58.633530	
70.071785	
69.756212	
52.562776	
55.510699	
55.679277	
43.325399	
60.859711	
54.315981	
53.907879	
55.054093	
51.360504	
42.437239	
40.391196	
41.507869	
70.633548	
83.949825	
55.303524	
61.163803	
59.911205	
54.066087	
59.451111	
64.249290	
61.503769	
56.825613	
53.787076	
46.760427	
32.477097	
45.921310	
34.004336	
76.823057	
76.432571	
82.488995	
71.299835	
69.730925	
66.642557	
59.368420	
58.483612	
62.012452	
69.113573	
69.807993	
60.131614	
70.523797	
61.068030	
42.541241	
42.724071	
74.617764	
58.933300	
54.995032	
64.978394	
67.311788	
53.558673	
61.167394	
63.827962	
62.293702	
64.183454	
57.202896	
53.251545	
48.058688	
85.450964	
84.703538	
81.251879	
81.524487	
69.371025	
62.558185	
73.839752	
64.511455	
66.567028	
68.286590	
64.062559	
73.633084	
64.389347	
81.007263	
74.718964	
65.201130	
73.076919	
87.384714	
73.961381	
84.896121	
84.483033	
80.302849	
73.865290	
76.105167	
72.516772	
68.442772	
71.395271	
66.202643	
77.857536	
64.634765	
91.635101	
90.619553	
80.910763	
79.370962	
107.144237	
108.801153	
107.096697	
104.293651	
100.866385	
105.649127	
100.553236	
113.115719	
113.294939	
111.486853	
110.918921	
110.104191	
111.001120	
111.986299	
106.324409	
110.547695	
109.308456	
109.024311	
111.586499	
105.088011	
112.215678	
112.356610	
113.569153	
111.395459	
114.342825	
114.200271	
111.978212	
108.939314	
112.097726	
110.443494	
109.688981	
108.716670	
106.466292	
35.548850	
33.354939	
28.426961	
27.937225	
34.377084	
31.650190	
24.542488	
38.751433	
36.558072	
34.377084	
40.238065	
37.330589	
36.751507	
37.407663	
53.889761	
60.413069	
53.617899	
58.411645	
51.945705	
46.940265	
59.749471	
45.089510	
49.428458	
45.168843	
56.939779	
52.528855	
56.117359	
53.117264	
69.500995	
74.176777	
75.495572	
60.602276	
70.576860	
68.942801	
53.255174	
68.294998	
55.498656	
46.007808	
52.104606	
51.599789	
61.639025	
45.052316	
42.193964	
69.319284	
64.249290	
72.415018	
76.031649	
74.141477	
67.124643	
65.271787	
63.313330	
52.910321	
71.310705	
69.833281	
56.212399	
66.613783	
63.590986	
66.551443	
53.942907	
58.591556	
67.151032	
79.490319	
88.220597	
69.610532	
63.854295	
79.416955	
69.621366	
72.338719	
70.641991	
56.466168	
58.920112	
61.964579	
77.469080	
82.661049	
85.518058	
74.180429	
77.401319	
73.319676	
75.124104	
70.621486	
68.864646	
70.883292	
77.160005	
79.846320	
71.909059	
62.500741	
79.833862	
79.274037	
88.394837	
65.532891	
67.376578	
67.723411	
69.391481	
64.780830	
72.094180	
65.323287	
58.893736	
86.223300	
83.864333	
80.910763	
89.322069	
78.705824	
85.609721	
69.991068	
85.842389	
71.888496	
75.498016	
82.025596	
71.145247	
78.544819	
68.641056	
65.744923	
77.559045	
76.637563	
78.906632	
84.156740	
83.066613	
88.855492	
79.031924	
81.342283	
81.967603	
86.338831	
82.818083	
86.068987	
76.979177	
80.849382	
76.989014	
84.358827	
79.959728	
89.102489	
96.966062	
89.650277	
92.435905	
81.187870	
85.497410	
109.271186	
108.114309	
110.922830	
107.420004	
110.509064	
106.568673	
111.191765	
107.379227	
112.358657	
110.416531	
109.349500	
111.552584	
110.956079	
107.093179	
111.760647	
112.692228	
113.088410	
113.366948	
110.944341	
111.462985	
110.201608	
111.014840	
113.505139	
111.644439	
110.085122	
108.678166	
110.807696	
115.311067	
113.917456	
111.437149	
113.904476	
114.979632	
113.932608	
114.078073	
110.010854	
113.168312	
113.456162	
113.941270	
112.487930	
30.087649	
32.445372	
35.548850	
33.354939	
28.426961	
27.937225	
34.377084	
40.162089	
31.650190	
24.542488	
36.558072	
33.512604	
32.920570	
34.377084	
40.238065	
37.330589	
36.751507	
55.123993	
52.649992	
50.143532	
44.640332	
54.370288	
44.465160	
42.583832	
57.152442	
53.411180	
46.709904	
50.614976	
47.603222	
67.575778	
71.339697	
73.207986	
55.014318	
65.874314	
60.340015	
45.643094	
57.277369	
47.048605	
45.461171	
43.240480	
54.153020	
43.391563	
45.996688	
37.149338	
46.327611	
40.473410	
66.641358	
62.685039	
73.160651	
61.747945	
68.986091	
60.522045	
64.173878	
56.973425	
65.622732	
59.548176	
61.475041	
59.597304	
64.413289	
49.841087	
46.337483	
58.644325	
81.315910	
65.043057	
86.037888	
63.441385	
70.166975	
68.855028	
66.256573	
68.742022	
64.340266	
47.938444	
36.409633	
56.764316	
51.535427	
41.812223	
76.617917	
74.672628	
62.243437	
67.758222	
55.251718	
60.141196	
71.513690	
53.620316	
72.637943	
57.564383	
67.831451	
62.939944	
55.632321	
77.469080	
79.475395	
86.402481	
63.684340	
62.651531	
71.904222	
70.206744	
67.056272	
63.113471	
61.370899	
60.330434	
55.710578	
66.022890	
83.592871	
83.660372	
79.400794	
87.369000	
86.351818	
90.654630	
79.152325	
80.808054	
72.553120	
81.349819	
74.080622	
65.833578	
76.287826	
50.513916	
67.179823	
74.388666	
68.424749	
86.437568	
82.047033	
88.429189	
76.041451	
78.780175	
84.490719	
84.097957	
79.806456	
80.045763	
76.501293	
76.259622	
71.323994	
74.955635	
82.341121	
88.824987	
92.903203	
93.253568	
91.290875	
82.467501	
107.628082	
108.040356	
110.485908	
107.409362	
106.341688	
108.072804	
103.717476	
103.051246	
107.544364	
111.142521	
111.901485	
111.288504	
109.957634	
111.972147	
105.761520	
111.423246	
112.929279	
108.906108	
109.310321	
106.971952	
108.654350	
111.052110	
109.407412	
110.385744	
110.646409	
110.780435	
109.681442	
115.980879	
114.714956	
112.199382	
114.036740	
114.358224	
112.403735	
108.856355	
112.077436	
113.216785	
110.877899	
110.362672	
110.331934	
110.064159	
30.087649	
32.445372	
35.548850	
33.354939	
28.426961	
27.937225	
34.377084	
40.162089	
31.650190	
38.751433	
36.558072	
33.512604	
34.377084	
40.238065	
37.330589	
37.407663	
48.028018	
53.823320	
57.449110	
51.792810	
54.816608	
42.513679	
50.557753	
41.256019	
38.636619	
53.952569	
49.341718	
49.267177	
49.575011	
65.323287	
67.691001	
72.402905	
57.536767	
60.443008	
56.279759	
47.994891	
41.994384	
48.987192	
37.555300	
40.870122	
48.670238	
35.778368	
43.285441	
40.050609	
43.453965	
63.993136	
59.044794	
71.604337	
57.043115	
63.082357	
57.326613	
56.581594	
43.904038	
59.265350	
55.051683	
49.373485	
54.810580	
47.231954	
56.071639	
50.083795	
42.895500	
46.044869	
74.783602	
62.677860	
71.762717	
52.766250	
66.532263	
65.275380	
53.958609	
64.840696	
65.268195	
64.346252	
61.384066	
59.914800	
32.012499	
45.567617	
37.755389	
75.980199	
75.467450	
73.049012	
68.380296	
67.698203	
62.284127	
55.451686	
61.392446	
66.396806	
71.490728	
62.372689	
74.628737	
47.788683	
60.525636	
55.847806	
45.853328	
47.166749	
76.960732	
58.818199	
58.214902	
57.929311	
54.589877	
65.798834	
62.777189	
66.415985	
57.860898	
52.151901	
49.976487	
84.151627	
80.612812	
86.268721	
81.096290	
72.164379	
82.466236	
76.867302	
62.243437	
69.081098	
60.029799	
74.132956	
71.674452	
73.758284	
70.128415	
88.248298	
86.472664	
72.462257	
85.673019	
75.559160	
71.150076	
73.335461	
77.467848	
72.020364	
83.213886	
94.815167	
90.655979	
84.413875	
82.624347	
80.135579	
109.459802	
106.866826	
104.115635	
105.833192	
105.145156	
104.097541	
97.401011	
105.669541	
98.433687	
101.195246	
112.463262	
111.105147	
111.598477	
110.825232	
109.709719	
111.341935	
110.958037	
106.686982	
111.419274	
109.081703	
107.489242	
106.901838	
106.255370	
108.080019	
112.360704	
111.606467	
110.887661	
110.266709	
115.455485	
113.671888	
112.301382	
114.788696	
113.846140	
109.898807	
110.192044	
110.414607	
108.593961	
107.555041	
25.170052	
29.926463	
23.658650	
33.197121	
29.158398	
34.298680	
31.011096	
28.874397	
35.743376	
30.007078	
35.003018	
31.211099	
46.211586	
48.573499	
50.789025	
53.797949	
42.422198	
39.050914	
53.441407	
39.653607	
54.420971	
43.855455	
46.246152	
44.139342	
42.269232	
58.688695	
64.699415	
58.978858	
57.779277	
60.047767	
50.890009	
54.673103	
51.733336	
54.005709	
56.695801	
43.976272	
44.116941	
47.530727	
42.011965	
54.168715	
55.330028	
60.702859	
57.527161	
63.658008	
55.105916	
54.478887	
60.108856	
57.632820	
54.114387	
58.429636	
61.926280	
55.716597	
48.671463	
59.249768	
49.467545	
71.888496	
53.753245	
64.151135	
58.228099	
68.746830	
70.668528	
69.508218	
62.415771	
49.485867	
40.750176	
62.079475	
54.563337	
47.649906	
71.337281	
71.319161	
67.220610	
67.154631	
66.628170	
69.993476	
73.963814	
66.064830	
70.897774	
69.573216	
65.361612	
61.211688	
66.101978	
65.461024	
66.674928	
76.943519	
63.234344	
61.758717	
73.814215	
76.810770	
64.170287	
60.481330	
75.808768	
65.949797	
66.251780	
68.094413	
67.113847	
67.237405	
74.438615	
61.123100	
64.394136	
83.595417	
73.260185	
68.267370	
79.071636	
71.776019	
69.665909	
78.048922	
73.065998	
65.701796	
68.093211	
74.094009	
73.209200	
53.476469	
66.036071	
84.338350	
74.533660	
78.695913	
80.799289	
80.581543	
84.331950	
73.900560	
80.965900	
78.946321	
82.497846	
89.366038	
88.482059	
68.238541	
92.109270	
71.941722	
87.770374	
76.358962	
80.370297	
80.751712	
97.289828	
99.307817	
100.246344	
104.628401	
103.186696	
99.306311	
101.397854	
93.848144	
98.074880	
88.935107	
98.344544	
98.697367	
96.477379	
105.271464	
102.859971	
103.813852	
105.833192	
102.022782	
90.039845	
89.183616	
98.989112	
107.678041	
106.353785	
110.395361	
106.587789	
108.504474	
108.139594	
108.768072	
109.131763	
108.520895	
105.540412	
28.752509	
20.838553	
23.658650	
26.705240	
28.508418	
29.158398	
34.298680	
31.011096	
28.874397	
35.743376	
35.003018	
31.211099	
42.916763	
47.938444	
50.378721	
44.707386	
56.961409	
40.954674	
36.564524	
40.822151	
34.094656	
48.770619	
37.997524	
45.828603	
41.521713	
43.362853	
41.448711	
42.246653	
60.251388	
60.834567	
56.831621	
58.842179	
50.796326	
57.133220	
42.981793	
37.126186	
49.137607	
50.156940	
42.916763	
47.011676	
41.554430	
50.921636	
50.192288	
66.601796	
55.820122	
59.249768	
61.698871	
64.813158	
53.158400	
52.302239	
47.266396	
45.234522	
62.933960	
54.867249	
51.935998	
61.339776	
62.687433	
59.901622	
62.876518	
63.525161	
62.079475	
58.046918	
50.522440	
41.012707	
54.574194	
57.359041	
71.012440	
73.736401	
63.638859	
70.961743	
66.642557	
60.795056	
70.563594	
72.471948	
54.729786	
67.927499	
54.151814	
69.820035	
72.158327	
67.022689	
59.944747	
73.526152	
74.604355	
62.008862	
68.015154	
57.139228	
64.882603	
54.985389	
78.791330	
64.947262	
71.918738	
76.117422	
82.735748	
78.626544	
74.322893	
65.389159	
79.205720	
73.159437	
77.312645	
67.522974	
67.380178	
62.331998	
57.136825	
72.795527	
61.795820	
79.046815	
73.612424	
62.748467	
75.034974	
86.306367	
79.338649	
81.890731	
83.018397	
82.190857	
82.115144	
72.894960	
77.594795	
73.047798	
75.383102	
76.792337	
82.905531	
82.615489	
74.051417	
72.229747	
78.104517	
90.966823	
83.269785	
83.724081	
86.815039	
100.027885	
103.920246	
102.826289	
96.337328	
105.047716	
97.459600	
93.268833	
102.731778	
93.675051	
101.293342	
98.191798	
104.943787	
104.122216	
104.224344	
103.448948	
98.872255	
106.314047	
108.080019	
103.314415	
104.691640	
107.230653	
102.811862	
100.482510	
103.328984	
102.411079	
95.907295	
97.235762	
99.532786	
104.694971	
105.553988	
111.951942	
107.619167	
106.721842	
108.351559	
112.113967	
109.196761	
106.067799	
106.236404	
106.877327	
102.272871	
101.857221	
25.170052	
29.926463	
20.838553	
23.658650	
22.555580	
26.705240	
29.158398	
21.828880	
34.298680	
33.473202	
30.007078	
30.890967	
35.003018	
31.211099	
49.434566	
49.058129	
52.083989	
49.670236	
34.518120	
41.121159	
41.208135	
39.300348	
43.950120	
39.349942	
39.599006	
62.548611	
67.709006	
66.165492	
54.178373	
50.267848	
43.080553	
38.676174	
49.678781	
43.752030	
43.730841	
45.151490	
38.696586	
32.237689	
59.832138	
52.791678	
63.044060	
65.851550	
62.320030	
50.522440	
39.430032	
47.748163	
51.060281	
48.607790	
48.687379	
44.263750	
47.947033	
54.667072	
65.286160	
80.828090	
49.683663	
64.019469	
58.078117	
61.927477	
60.646581	
62.072294	
65.081375	
66.116358	
56.183526	
50.236163	
49.709296	
46.004100	
56.256904	
43.699677	
76.632651	
76.146836	
78.156416	
65.882700	
62.863353	
60.950703	
67.801438	
67.884276	
61.865240	
55.757528	
68.197702	
57.003464	
52.265871	
48.867301	
53.244289	
73.965031	
75.058169	
56.407244	
59.200625	
74.381356	
70.890534	
59.209015	
62.438510	
65.687419	
73.733970	
72.709454	
51.183072	
45.246912	
50.091110	
87.252512	
76.292730	
78.721931	
87.557714	
83.609424	
78.408676	
67.986334	
79.831370	
62.691024	
74.461764	
77.088642	
61.583965	
68.546113	
65.474199	
65.905465	
59.431937	
61.686902	
56.866474	
84.086458	
81.573528	
70.832608	
87.635120	
90.976298	
77.529464	
80.741698	
79.843829	
67.820646	
75.694948	
75.617872	
73.512789	
76.536888	
86.821557	
93.037367	
96.503397	
92.933613	
90.338029	
83.366385	
81.288286	
85.108269	
98.700353	
105.215846	
100.699574	
96.907884	
91.684183	
96.272448	
90.745078	
108.801153	
107.796052	
106.907092	
107.485690	
106.735795	
