2.587000	
2.420000	
2.153000	
2.520000	
2.714000	
2.616000	
2.340000	
2.419000	
2.513000	
2.735000	
2.285000	
2.395000	
2.366000	
2.239000	
2.283000	
2.143000	
2.220000	
1.971933	
2.123067	
2.179033	
2.198467	
2.159133	
2.261433	
1.854967	
2.214033	
2.357867	
2.150233	
2.083867	
2.090733	
2.075533	
2.235533	
1.882767	
1.768533	
1.847500	
2.032933	
1.784367	
2.153733	
2.182200	
2.400667	
2.148800	
2.262400	
2.126467	
2.414667	
2.318533	
2.403833	
2.136633	
2.139400	
1.945100	
1.931767	
2.019567	
2.219567	
1.795767	
1.938700	
2.067067	
1.931600	
1.885000	
2.057500	
2.096133	
1.727433	
1.996100	
1.918167	
2.032600	
1.852967	
1.814800	
1.772833	
1.790867	
2.137733	
2.493033	
1.826967	
1.733933	
1.718233	
1.898033	
1.835867	
1.862467	
1.920133	
1.729700	
1.880767	
1.831200	
2.016733	
1.859133	
1.833833	
1.985667	
1.832733	
1.849767	
1.862167	
1.634400	
1.793767	
2.017967	
2.016633	
1.790467	
1.689067	
1.945067	
1.939033	
1.975967	
1.911300	
1.735667	
1.866100	
1.953933	
1.849433	
1.929567	
1.830833	
1.880167	
1.697233	
1.700133	
1.785933	
1.743167	
1.985300	
1.781667	
2.051567	
1.763067	
2.059267	
1.690900	
1.756967	
1.825367	
1.774167	
1.843100	
2.004967	
1.808700	
1.691833	
1.752767	
1.725967	
1.777100	
1.866967	
1.870800	
1.620167	
1.609567	
1.835600	
1.793300	
1.712133	
1.694967	
1.895267	
1.927100	
1.768900	
1.214933	
1.196000	
1.274033	
1.211733	
1.195900	
1.221767	
1.182300	
1.200000	
1.217667	
1.158100	
1.280400	
1.168033	
1.180133	
1.208633	
1.179567	
1.191067	
1.197700	
1.159300	
1.250933	
1.224900	
1.230433	
1.194400	
1.200300	
1.126967	
1.195100	
1.131167	
1.152133	
1.161300	
1.192200	
1.148600	
1.169500	
1.161400	
1.165933	
1.202400	
2.587000	
2.420000	
2.153000	
2.520000	
2.714000	
2.616000	
2.419000	
2.513000	
2.735000	
2.285000	
2.395000	
2.366000	
2.261000	
2.078000	
2.239000	
2.283000	
2.143000	
2.220000	
2.267700	
2.045000	
2.076233	
2.112400	
1.831200	
2.137767	
2.353800	
2.264967	
2.011000	
2.033767	
2.139567	
2.327333	
2.081467	
2.124833	
2.103367	
2.116267	
2.217567	
1.744467	
1.743267	
1.737933	
1.854367	
1.895667	
2.265967	
2.039133	
2.468133	
2.176267	
2.213033	
2.427267	
2.146767	
2.238700	
2.088733	
1.848633	
2.030900	
2.044967	
1.958433	
2.155633	
1.979600	
1.930200	
2.226700	
1.946967	
2.012433	
1.741067	
1.869867	
1.587367	
2.047567	
1.970567	
1.921967	
2.091100	
1.911700	
1.817133	
1.788333	
1.929700	
1.976000	
2.138467	
2.532700	
2.053200	
2.077033	
2.011867	
2.318200	
1.799700	
1.687000	
1.647800	
1.784800	
1.910467	
1.751167	
1.922133	
1.942333	
1.771333	
1.791433	
1.953767	
1.928800	
2.158700	
1.894433	
1.932700	
1.854500	
2.081100	
2.057133	
1.785433	
1.767600	
1.719100	
1.794067	
2.059633	
1.958967	
1.856733	
1.757967	
1.966933	
1.790133	
1.942733	
1.963767	
1.908367	
1.985467	
1.972467	
1.796167	
1.675333	
1.630100	
1.675267	
1.849767	
1.808200	
1.941833	
2.065633	
2.075700	
1.865500	
2.005300	
1.774200	
1.722167	
1.761800	
1.819933	
1.892067	
1.708067	
1.687967	
1.757800	
1.812867	
1.757300	
1.832400	
1.830633	
1.814733	
1.658400	
1.799067	
1.672600	
1.653333	
1.567433	
1.612367	
1.849433	
1.859600	
1.207400	
1.222000	
1.183533	
1.208500	
1.257933	
1.216333	
1.228700	
1.294667	
1.177300	
1.165833	
1.195267	
1.171300	
1.188500	
1.203600	
1.156467	
1.277367	
1.174333	
1.185067	
1.179767	
1.226433	
1.208633	
1.194167	
1.232233	
1.172533	
1.187233	
1.208167	
1.190267	
1.178767	
1.203733	
1.114967	
1.154133	
1.168500	
1.148667	
1.177767	
1.188600	
1.147833	
1.160467	
1.192067	
1.234467	
2.587000	
2.420000	
2.520000	
2.683000	
2.616000	
2.340000	
2.419000	
2.513000	
2.735000	
2.285000	
2.366000	
2.239000	
2.238433	
2.054000	
2.258100	
1.864033	
2.195867	
1.882033	
2.289400	
2.354200	
2.059867	
2.006067	
2.345567	
2.053633	
2.263167	
1.852633	
1.772167	
2.005333	
1.856033	
1.883233	
2.332633	
2.201967	
2.503067	
2.183300	
2.208233	
2.227367	
2.480333	
2.610067	
1.940800	
2.054000	
1.868500	
1.837267	
2.091167	
1.942367	
2.127633	
2.112633	
2.223200	
2.328667	
1.920700	
1.979800	
2.181267	
1.889800	
2.353600	
2.306533	
1.736867	
2.027567	
1.814333	
1.543267	
2.018833	
2.057467	
2.016000	
2.045200	
1.970500	
1.882300	
2.083267	
2.244500	
2.540967	
2.206733	
2.028767	
2.405100	
1.751367	
1.661533	
1.858433	
1.857000	
1.999633	
1.799100	
1.998600	
1.991833	
2.059667	
2.000133	
2.037200	
2.167933	
1.774867	
1.779033	
1.749133	
1.814300	
1.975700	
1.797100	
1.814100	
2.015933	
1.786633	
1.992767	
2.023200	
2.100900	
1.927733	
2.124833	
1.629800	
1.764700	
1.803433	
1.666200	
1.848400	
1.709433	
2.088567	
1.754733	
1.993267	
1.829967	
2.087567	
2.052867	
1.838500	
1.879433	
1.949500	
1.932533	
1.758833	
1.597100	
1.823533	
1.824000	
1.747433	
1.707500	
1.819033	
1.805333	
1.904433	
1.733400	
1.664100	
1.592800	
1.666700	
1.791800	
1.864767	
1.726067	
1.231900	
1.250467	
1.233333	
1.264933	
1.321500	
1.160000	
1.154667	
1.176167	
1.179633	
1.160533	
1.263700	
1.179067	
1.180733	
1.224833	
1.183900	
1.186767	
1.234000	
1.248433	
1.185267	
1.186733	
1.193000	
1.192433	
1.148933	
1.110600	
1.150800	
1.190333	
1.175033	
1.127133	
1.143667	
1.204933	
1.155000	
1.197200	
1.252633	
1.234600	
1.260833	
2.420000	
2.153000	
2.520000	
2.714000	
2.616000	
2.340000	
2.735000	
2.285000	
2.366000	
2.261000	
2.078000	
2.239000	
2.143000	
2.220000	
2.254933	
2.021233	
2.185500	
2.300000	
2.168767	
2.269400	
1.965467	
2.342300	
2.408100	
2.066267	
2.203500	
2.382633	
2.096000	
2.169033	
2.097333	
2.224000	
1.885733	
1.751833	
1.750667	
1.806400	
2.118833	
1.930333	
2.346633	
2.172133	
2.268600	
2.520100	
2.240367	
2.338967	
2.353833	
2.447067	
2.094067	
1.839733	
2.142133	
2.120867	
2.135000	
2.205533	
1.891533	
2.065300	
2.305333	
2.028567	
2.189500	
2.098000	
2.287067	
2.264267	
1.629733	
1.996600	
1.905733	
1.615233	
1.983000	
2.045467	
1.982200	
2.031133	
2.075067	
1.887100	
1.944167	
1.891200	
2.027833	
2.162133	
2.333200	
2.497367	
1.690167	
1.690600	
1.698667	
1.925433	
1.846733	
2.040667	
2.073867	
1.802133	
1.942600	
1.951367	
2.246567	
1.922367	
2.078300	
1.987600	
2.144167	
2.125200	
1.706200	
1.724400	
1.760367	
1.631567	
1.921133	
1.881767	
1.897933	
1.965867	
2.003933	
1.845000	
2.018933	
2.104033	
2.013833	
2.070100	
2.048833	
1.607833	
1.733167	
1.835267	
1.809667	
2.105367	
2.113267	
1.913433	
1.826500	
2.018567	
2.103733	
1.914600	
2.007833	
1.899100	
1.654500	
1.829433	
1.717967	
1.834367	
1.807200	
1.735100	
1.787400	
1.784400	
1.827367	
1.775900	
1.707333	
1.910900	
1.929400	
1.715733	
1.642533	
1.890500	
1.786133	
1.248900	
1.260867	
1.205867	
1.237967	
1.256700	
1.269933	
1.281400	
1.350067	
1.304333	
1.361933	
1.306967	
1.155433	
1.163967	
1.234800	
1.158833	
1.277700	
1.178467	
1.178700	
1.235800	
1.208567	
1.201167	
1.286567	
1.260500	
1.276833	
1.184833	
1.171767	
1.187100	
1.199200	
1.194700	
1.116200	
1.184167	
1.138267	
1.152300	
1.193867	
1.173267	
1.236633	
1.273267	
2.587000	
2.420000	
2.153000	
2.520000	
2.714000	
2.616000	
2.513000	
2.735000	
2.285000	
2.395000	
2.366000	
2.078000	
2.239000	
2.283000	
2.220000	
2.276100	
2.151900	
2.304367	
1.916500	
2.178067	
2.294933	
2.303467	
2.364233	
2.101567	
1.940167	
2.263300	
2.342533	
2.115133	
2.098367	
2.088667	
2.291033	
1.861500	
1.797667	
1.804633	
1.792800	
2.056800	
1.849967	
2.357067	
2.310033	
2.363933	
2.247267	
2.235867	
2.264867	
2.376733	
2.251300	
2.691533	
2.398667	
2.441267	
2.104733	
1.938800	
2.179533	
2.049467	
2.232433	
2.113167	
2.490000	
1.940400	
2.452333	
2.214467	
2.297100	
2.112200	
2.433933	
2.166700	
2.173200	
1.744300	
1.826400	
1.617167	
2.092633	
1.953867	
1.990833	
2.062400	
2.145467	
1.998733	
2.276100	
2.790800	
2.244233	
2.107733	
2.387533	
1.835733	
1.840200	
1.990833	
2.027067	
1.936867	
2.019633	
2.079633	
1.846467	
2.080000	
1.950900	
1.946200	
2.020900	
1.981800	
2.242533	
1.774033	
1.606200	
2.147233	
2.025433	
2.092600	
2.120267	
2.122633	
1.920900	
1.989767	
2.048667	
1.647033	
1.736067	
1.705667	
1.837633	
1.802633	
2.086833	
1.735333	
2.000767	
1.946933	
2.262733	
1.817100	
2.252467	
2.149733	
1.887333	
1.697000	
1.711033	
1.954400	
1.747267	
1.649367	
1.837200	
1.846867	
1.917833	
1.789600	
1.867933	
2.002267	
1.654700	
1.724533	
1.855067	
1.571200	
1.632067	
1.276300	
1.300733	
1.209867	
1.291867	
1.280867	
1.267200	
1.305433	
1.405600	
1.390200	
1.355133	
1.148833	
1.152067	
1.172000	
1.173833	
1.244200	
1.230033	
1.167633	
1.315067	
1.190300	
1.188867	
1.227933	
1.212300	
1.259900	
1.287267	
1.314433	
1.279900	
1.145600	
1.215700	
1.124500	
1.160300	
1.133500	
1.164367	
1.189600	
1.264700	
1.157133	
1.216133	
1.250767	
1.219333	
2.587000	
2.420000	
2.153000	
2.520000	
2.714000	
2.683000	
2.616000	
2.340000	
2.419000	
2.513000	
2.285000	
2.366000	
2.261000	
2.239000	
2.283000	
2.220000	
2.247367	
2.081233	
2.181267	
2.176233	
2.296800	
1.928300	
2.219100	
2.391033	
2.317233	
2.419033	
2.005433	
2.334600	
2.159833	
2.166233	
2.166467	
2.262400	
1.931100	
1.815600	
2.165333	
1.920767	
2.258167	
2.503167	
2.383400	
2.486000	
2.596500	
2.493400	
2.109700	
1.945033	
1.922000	
2.084667	
2.031467	
2.232467	
2.419533	
1.970333	
2.048233	
2.300967	
2.220667	
2.270267	
2.192500	
2.250500	
2.310433	
2.232600	
2.164667	
1.744733	
2.105400	
1.846800	
1.624000	
2.218100	
2.186867	
1.919167	
2.088567	
2.131533	
2.119000	
1.975767	
2.148800	
2.387600	
2.684800	
2.211367	
2.158800	
2.518433	
1.851733	
1.727100	
1.761700	
1.947667	
1.885533	
2.043000	
1.757433	
2.102433	
1.877333	
1.811433	
1.937367	
2.037233	
2.057933	
2.135667	
2.223467	
1.837367	
1.632333	
1.941900	
1.902033	
2.045467	
2.136067	
1.847467	
1.935867	
2.267100	
2.039300	
2.232133	
2.044133	
1.617333	
1.729000	
1.654233	
1.679133	
2.148000	
2.120400	
1.950433	
2.240267	
1.912667	
2.264600	
2.149133	
1.940667	
1.987200	
1.688533	
1.927100	
1.711300	
1.678033	
1.856900	
1.896700	
1.785167	
1.738533	
1.924600	
1.834100	
1.858433	
1.892867	
1.869700	
1.976500	
2.016267	
1.756900	
1.737933	
1.978833	
1.690833	
1.609333	
1.594633	
1.655133	
1.769733	
1.767367	
1.848800	
1.275900	
1.261867	
1.256567	
1.278633	
1.458500	
1.332633	
1.417933	
1.159567	
1.183100	
1.185067	
1.205533	
1.214367	
1.176600	
1.313833	
1.226267	
1.244367	
1.224200	
1.246300	
1.381900	
1.282767	
1.165100	
1.176500	
1.203000	
1.141800	
1.209867	
1.196133	
1.127633	
1.156733	
1.230933	
1.167500	
1.215333	
1.255633	
1.178267	
1.260933	
1.257567	
1.364000	
1.317833	
2.821000	
2.639000	
2.371000	
2.895000	
3.107000	
2.905000	
2.519000	
2.604000	
2.641000	
2.820000	
2.484000	
2.529000	
2.179000	
2.412000	
2.536000	
2.365000	
2.415000	
2.324767	
2.242000	
2.531600	
2.431700	
2.037667	
2.356533	
2.565333	
2.080633	
2.438467	
2.649000	
2.199367	
2.265667	
2.296200	
2.749767	
2.506900	
2.481400	
2.389967	
2.551700	
2.450900	
2.124300	
1.999367	
2.314600	
2.327067	
2.047733	
2.251967	
2.228067	
2.490500	
2.369333	
2.273567	
1.934900	
1.940933	
2.074133	
2.250467	
2.352733	
2.780367	
2.187467	
2.498367	
2.344267	
2.164700	
2.044633	
2.356933	
2.453767	
2.130867	
2.071267	
1.880900	
2.120833	
2.014467	
1.706933	
2.251233	
2.032867	
2.052633	
1.923200	
2.078000	
2.748233	
2.446867	
2.335667	
2.628967	
1.838767	
1.703967	
1.777833	
1.877867	
2.366233	
2.010800	
2.088233	
1.987100	
2.025233	
2.263033	
2.154800	
1.914333	
2.225800	
2.148867	
1.859067	
1.945700	
2.126600	
2.180733	
2.012200	
2.208800	
2.272433	
2.317367	
2.215367	
2.107400	
1.837667	
2.214900	
2.272967	
1.740667	
2.216800	
1.769367	
1.726000	
1.877333	
2.251467	
1.814000	
2.193400	
1.899367	
2.129733	
1.949600	
2.304567	
2.028067	
2.002467	
1.742800	
2.110833	
1.715433	
1.913700	
1.779500	
1.814900	
1.742933	
2.000333	
1.897367	
2.096633	
1.929667	
1.868967	
1.769267	
1.749700	
2.119333	
1.888967	
1.776433	
1.650833	
1.804533	
1.288867	
1.257567	
1.253733	
1.246633	
1.291633	
1.244600	
1.234033	
1.270100	
1.374367	
1.261467	
1.186600	
1.253100	
1.196433	
1.229567	
1.168100	
1.177033	
1.219567	
1.184933	
1.241533	
1.270533	
1.263700	
1.280033	
1.188467	
1.200567	
1.238533	
1.205667	
1.129500	
1.215767	
1.168800	
1.141467	
1.169867	
1.226633	
1.167300	
1.212333	
1.254733	
1.253333	
2.639000	
2.717000	
2.905000	
2.519000	
2.820000	
2.458000	
2.179000	
2.412000	
2.536000	
2.415000	
2.336633	
2.269733	
2.420800	
2.487733	
2.497633	
1.960667	
2.571933	
2.170067	
2.497600	
2.699200	
2.724633	
2.491567	
2.466367	
2.591900	
2.456433	
2.149000	
2.119100	
1.898300	
2.329533	
2.194833	
2.376433	
2.100533	
2.416867	
2.832433	
2.335100	
2.376933	
2.558033	
2.238933	
2.762200	
2.694367	
2.678233	
2.285500	
2.278033	
1.993067	
1.996433	
2.118500	
2.102400	
2.254333	
2.301233	
2.499100	
2.793833	
2.190167	
2.153267	
2.749467	
2.038600	
1.877033	
2.230233	
2.024667	
1.751367	
2.402767	
2.186667	
2.232833	
2.024600	
2.129800	
2.178867	
2.253933	
2.816567	
2.924067	
2.595300	
2.717033	
1.770333	
1.750433	
1.801467	
2.076500	
2.247700	
2.020100	
2.149567	
2.335700	
2.279633	
2.596467	
2.095767	
2.312267	
2.362833	
2.311367	
2.012200	
1.855500	
1.960833	
1.679567	
2.260500	
2.386900	
1.970900	
2.441133	
2.364233	
2.157867	
2.080900	
2.093867	
2.566600	
2.308833	
2.449900	
1.748867	
2.133167	
1.842333	
1.703600	
1.691633	
2.015200	
2.103467	
1.983267	
2.285200	
1.869233	
2.476767	
2.031100	
2.027533	
2.204633	
2.234600	
2.583333	
2.032433	
1.691667	
1.805300	
2.030567	
1.717367	
1.722633	
1.907633	
2.001200	
1.851967	
1.767367	
1.845100	
2.020500	
1.970833	
2.050267	
2.004800	
2.029600	
1.838633	
1.747433	
1.604867	
1.699600	
1.673567	
1.899567	
1.859767	
1.287100	
1.275433	
1.287400	
1.315233	
1.317567	
1.270567	
1.340100	
1.349567	
1.313900	
1.411767	
1.194767	
1.192767	
1.237267	
1.205933	
1.219533	
1.220100	
1.247533	
1.239600	
1.198433	
1.337933	
1.223333	
1.263133	
1.226133	
1.224567	
1.295433	
1.389033	
1.226000	
1.209800	
1.183667	
1.173233	
1.213000	
1.121700	
1.195400	
1.210633	
1.185767	
1.166900	
1.177333	
1.190567	
1.318400	
1.324900	
2.535000	
2.496000	
2.109000	
2.434000	
2.682000	
2.583000	
2.624000	
2.630000	
2.287000	
2.344000	
2.331000	
2.223000	
2.016000	
2.153000	
2.158000	
2.107000	
2.122000	
1.817433	
1.835767	
1.714833	
1.972867	
2.056567	
2.050167	
1.909100	
1.825833	
2.094800	
1.942133	
1.988333	
2.003433	
2.026800	
1.415700	
1.490200	
1.732433	
1.602367	
2.000133	
1.643767	
1.851767	
1.869333	
1.770700	
2.017633	
2.016467	
1.724367	
2.317867	
2.039200	
2.224567	
1.504133	
1.657033	
1.737267	
1.659200	
1.767067	
1.611367	
1.788600	
1.951800	
1.549767	
1.614900	
1.921100	
1.886100	
1.735567	
1.791033	
1.858700	
1.804900	
1.608233	
1.380200	
1.398533	
1.700900	
1.672500	
1.613267	
1.682067	
1.609400	
1.388400	
1.678633	
1.568367	
1.927900	
1.800600	
1.729467	
1.462000	
2.010300	
1.392400	
1.306633	
1.360567	
1.539400	
1.461200	
1.560833	
1.619233	
1.418333	
1.435767	
1.666467	
1.579467	
1.545967	
1.388233	
1.434200	
1.382000	
1.525400	
1.371800	
1.648633	
1.553900	
1.586167	
1.484833	
1.727300	
1.682233	
1.498767	
1.480067	
1.568067	
1.586167	
1.426600	
1.362833	
1.294367	
1.330167	
1.359367	
1.347067	
1.543200	
1.351833	
1.554733	
1.512000	
1.404967	
1.457633	
1.620967	
1.433033	
1.380800	
1.254033	
1.351033	
1.432633	
1.405667	
1.435733	
1.350933	
1.382400	
1.480767	
1.446700	
1.372600	
1.454667	
1.426333	
1.356167	
1.369833	
1.411433	
1.384300	
1.284467	
1.309867	
1.415800	
1.438667	
1.382700	
1.141767	
1.141067	
1.117767	
1.154900	
1.128367	
1.148333	
1.177467	
1.205433	
1.160200	
1.253800	
1.089033	
1.097633	
1.100367	
1.105133	
1.147533	
1.127733	
1.090300	
1.107900	
1.108667	
1.148267	
1.127833	
1.157933	
1.148333	
1.160400	
1.109933	
1.130367	
1.106000	
1.109867	
1.081033	
1.118233	
1.107933	
1.133267	
1.110333	
1.085700	
1.111933	
1.105867	
1.134867	
1.099733	
1.128167	
1.138200	
1.162200	
2.535000	
2.496000	
2.109000	
2.682000	
2.583000	
2.223000	
2.016000	
2.153000	
2.158000	
2.045433	
1.965667	
1.967333	
2.015367	
1.710800	
2.104400	
2.191967	
2.174467	
2.337467	
2.024000	
1.917500	
2.150433	
2.260233	
1.923300	
2.081133	
2.040800	
1.658900	
1.559600	
1.917000	
1.671267	
1.728333	
2.004967	
1.739167	
2.072533	
2.423000	
1.967467	
2.260833	
1.920600	
2.030867	
1.586967	
1.745433	
1.567500	
1.537733	
1.869467	
1.651500	
1.959000	
1.928733	
1.450367	
1.521533	
1.341133	
1.838400	
1.836533	
1.543300	
1.720633	
1.821467	
1.609800	
1.559600	
1.639100	
1.706800	
1.721933	
2.134500	
2.064900	
1.751633	
1.675400	
1.487533	
1.435067	
1.712300	
1.523667	
1.740567	
1.709467	
1.720167	
1.532033	
1.496700	
1.443367	
1.681833	
1.808800	
2.033900	
1.409467	
1.447267	
1.468567	
1.667900	
1.717167	
1.672400	
1.622333	
1.649400	
1.823033	
1.787633	
1.810267	
1.364967	
1.424967	
1.388633	
1.351633	
1.467700	
1.516333	
1.432467	
1.459133	
1.715867	
1.552067	
1.671467	
1.575400	
1.863100	
1.520100	
1.830333	
1.303467	
1.395833	
1.425733	
1.255367	
1.470533	
1.438967	
1.447167	
1.446900	
1.457600	
1.442967	
1.551700	
1.521300	
1.513600	
1.387900	
1.483933	
1.395900	
1.290933	
1.304567	
1.346500	
1.320767	
1.487933	
1.419133	
1.195967	
1.155333	
1.213867	
1.151000	
1.172300	
1.292500	
1.167133	
1.298300	
1.216800	
1.097200	
1.096800	
1.114233	
1.131867	
1.133267	
1.179133	
1.153633	
1.146000	
1.137400	
1.114333	
1.117567	
1.088733	
1.143100	
1.129167	
1.153533	
1.183433	
1.200467	
1.242000	
1.219033	
2.535000	
2.496000	
2.109000	
2.434000	
2.682000	
2.583000	
2.624000	
2.310000	
2.426000	
2.532000	
2.287000	
2.331000	
2.223000	
2.016000	
2.153000	
2.158000	
2.107000	
2.122000	
1.889367	
1.964433	
1.769033	
2.231600	
2.170967	
1.824900	
2.229767	
2.110867	
2.019200	
2.263933	
2.129700	
2.054200	
1.499000	
1.676767	
1.976000	
1.772400	
2.032533	
1.715000	
2.295567	
2.074567	
2.035833	
2.255667	
1.921300	
2.408400	
1.989333	
2.230167	
2.407300	
1.701333	
1.847400	
1.719600	
1.580433	
1.979900	
1.936767	
1.974167	
2.180000	
1.888100	
2.024000	
1.993900	
1.913600	
1.517200	
1.806833	
1.582600	
1.415667	
1.901333	
1.763800	
1.686800	
1.757600	
1.879800	
1.829267	
2.294500	
2.081033	
1.946567	
1.689033	
2.327333	
1.528467	
1.417133	
1.428200	
1.480833	
1.796333	
1.817633	
1.751767	
1.750133	
1.499200	
1.484900	
1.871533	
1.544800	
1.370133	
1.818033	
1.822900	
1.986367	
1.396733	
1.453167	
1.498300	
1.346200	
1.448467	
1.755000	
1.664933	
1.920300	
1.721533	
1.597633	
1.772667	
1.393567	
1.734633	
1.739367	
1.731167	
1.293300	
1.486633	
1.442767	
1.478700	
1.506467	
1.567067	
1.509933	
1.788267	
1.432933	
1.730300	
1.757467	
1.399433	
1.758167	
1.484867	
1.719400	
1.757767	
1.679267	
1.406600	
1.464200	
1.269967	
1.451933	
1.551000	
1.446933	
1.428967	
1.608900	
1.548967	
1.502600	
1.687900	
1.461400	
1.388233	
1.318300	
1.334967	
1.562433	
1.257700	
1.189433	
1.162300	
1.205167	
1.172867	
1.205367	
1.341867	
1.265100	
1.359200	
1.108967	
1.121200	
1.113333	
1.127200	
1.137733	
1.165033	
1.250833	
1.156700	
1.209400	
1.200700	
1.308067	
1.207933	
1.161300	
1.157100	
1.136300	
1.126533	
1.162533	
1.157300	
1.136233	
1.156500	
1.138033	
1.145833	
1.207433	
1.116100	
1.215267	
1.235867	
1.271833	
1.254267	
2.807000	
2.750000	
2.354000	
2.687000	
2.931000	
2.895000	
2.723000	
2.822000	
2.884000	
2.491000	
2.495000	
2.239000	
2.391000	
2.469000	
2.349000	
2.401000	
2.033767	
1.892300	
1.963500	
2.093933	
2.268633	
2.275500	
2.135100	
2.021567	
2.321633	
2.333267	
2.171733	
2.243700	
2.219900	
2.264500	
1.643067	
1.540967	
1.525167	
1.576367	
1.905800	
1.632100	
1.803700	
2.031167	
1.873433	
2.270267	
1.922000	
2.067333	
2.339300	
2.328733	
1.547067	
1.615067	
1.507133	
1.928967	
1.935700	
2.109400	
1.702800	
2.014467	
1.947500	
1.872800	
1.919767	
2.112867	
1.982033	
1.374333	
1.607433	
1.407800	
1.269967	
1.706333	
1.733067	
1.580667	
1.653367	
1.589833	
1.616433	
1.725467	
1.886633	
1.923500	
1.855133	
2.000900	
1.273200	
1.345667	
1.341667	
1.570600	
1.554467	
1.639100	
1.555867	
1.464933	
1.576200	
1.740433	
1.808300	
1.338667	
1.341200	
1.395967	
1.530267	
1.579600	
1.441267	
1.442400	
1.615933	
1.738600	
1.440167	
1.635767	
1.731000	
1.303367	
1.244333	
1.242800	
1.317133	
1.266700	
1.468567	
1.305867	
1.485833	
1.341867	
1.432467	
1.443467	
1.419633	
1.541067	
1.270700	
1.286267	
1.410300	
1.259200	
1.342067	
1.281000	
1.308600	
1.339800	
1.293633	
1.360500	
1.328233	
1.408533	
1.308700	
1.326733	
1.263633	
1.287233	
1.267467	
1.315367	
1.253667	
1.147767	
1.142833	
1.108167	
1.154633	
1.181167	
1.256967	
1.274133	
1.079633	
1.078867	
1.083867	
1.084467	
1.117700	
1.100233	
1.177967	
1.096167	
1.133833	
1.120567	
1.159533	
1.165067	
1.140167	
1.095533	
1.091400	
1.086000	
1.093233	
1.122000	
1.068000	
1.116933	
1.092100	
1.110333	
1.133433	
1.116367	
1.164133	
1.162233	
2.807000	
2.354000	
2.687000	
2.931000	
2.895000	
2.673000	
2.723000	
2.822000	
2.491000	
2.644000	
2.495000	
2.239000	
2.391000	
2.349000	
2.401000	
2.298067	
2.112867	
2.116367	
2.448467	
2.010000	
2.298300	
2.378567	
2.166167	
2.096200	
2.465167	
2.481333	
2.387200	
2.232767	
2.305767	
1.828200	
1.731367	
2.090467	
1.814767	
1.859400	
2.213767	
2.209933	
2.329500	
2.472267	
2.245867	
2.235067	
2.450000	
2.168333	
2.387300	
2.650933	
1.760867	
1.833167	
1.785767	
1.622500	
2.050500	
1.825933	
2.124533	
2.046967	
2.160233	
1.813500	
1.897567	
2.298667	
2.114067	
2.073633	
2.228133	
2.219967	
2.102433	
1.527633	
1.773167	
1.608233	
1.952333	
1.855767	
1.798500	
2.054667	
1.767467	
1.844967	
1.878833	
2.054400	
1.927267	
1.912333	
2.304033	
2.079300	
1.976233	
2.267800	
1.414700	
1.397333	
1.384900	
1.386233	
1.648767	
1.938833	
1.793767	
1.466233	
1.837867	
1.604967	
1.936633	
1.620200	
1.410100	
1.431467	
1.671167	
1.722167	
1.740800	
1.754967	
1.618800	
1.805233	
2.028167	
1.881400	
2.046267	
1.347633	
1.342100	
1.312600	
1.323567	
1.358167	
1.394667	
1.276433	
1.622367	
1.395600	
1.423100	
1.374733	
1.489567	
1.379300	
1.464133	
1.604367	
1.567067	
1.311633	
1.372533	
1.423500	
1.398533	
1.395033	
1.389500	
1.341467	
1.438300	
1.240133	
1.250400	
1.280133	
1.273800	
1.330500	
1.253767	
1.352000	
1.206900	
1.210933	
1.189967	
1.192867	
1.230033	
1.356733	
1.272933	
1.095067	
1.092900	
1.129067	
1.157333	
1.133200	
1.149467	
1.168700	
1.191200	
1.179933	
1.110867	
1.101833	
1.160967	
1.088267	
1.137300	
1.143700	
1.140833	
1.155967	
1.221567	
1.208800	
1.207667	
2.750000	
2.354000	
2.931000	
2.895000	
2.673000	
2.822000	
2.884000	
2.491000	
2.644000	
2.495000	
2.239000	
2.391000	
2.469000	
2.349000	
2.311067	
2.267500	
2.461767	
2.063133	
2.306300	
2.464367	
2.067833	
2.465133	
2.140933	
2.482800	
2.489133	
2.415800	
2.257500	
2.465300	
2.355933	
1.879967	
2.237633	
1.982833	
2.266133	
2.579067	
2.288467	
2.180867	
2.514400	
2.583133	
2.258333	
2.507700	
2.639700	
1.995933	
1.944167	
1.768267	
2.097633	
2.173733	
2.128000	
2.271767	
2.580500	
1.975867	
2.358367	
2.205900	
2.194033	
2.344500	
2.161100	
2.339067	
1.925333	
1.655300	
2.158333	
1.901333	
2.171833	
1.961633	
2.042500	
1.912100	
2.109133	
2.244167	
2.206067	
2.304767	
2.303267	
1.561600	
1.391067	
1.517500	
1.468867	
1.614767	
1.710500	
1.605233	
1.800433	
1.772267	
1.521000	
2.134667	
1.790133	
1.876333	
1.496333	
2.035500	
2.016400	
1.815167	
1.514567	
1.486133	
1.364100	
1.659967	
1.935933	
1.660833	
1.615533	
1.995467	
1.810600	
1.908767	
1.820367	
2.038433	
2.004867	
1.924867	
1.864967	
1.997900	
1.373333	
1.344067	
1.268033	
1.262500	
1.518800	
1.451667	
1.698667	
1.388800	
1.612267	
1.399467	
1.811167	
1.282033	
1.249167	
1.356167	
1.348767	
1.446700	
1.429167	
1.477033	
1.386333	
1.385833	
1.544667	
1.358567	
1.313733	
1.275033	
1.257600	
1.283800	
1.294300	
1.327733	
1.246333	
1.404033	
1.245267	
1.269433	
1.230600	
1.270633	
1.255967	
1.282000	
1.301167	
1.423200	
1.119233	
1.097533	
1.119200	
1.127967	
1.165167	
1.195533	
1.308200	
1.185200	
1.177900	
1.289700	
1.333133	
1.338200	
1.233867	
1.123600	
1.127500	
1.157333	
1.164033	
1.159333	
1.122833	
1.168600	
1.262133	
1.280567	
1.272900	
2.180000	
2.435000	
2.113000	
2.187000	
2.527000	
2.115000	
2.340000	
2.148000	
2.157000	
2.182000	
2.189633	
2.007467	
1.948767	
2.010367	
1.937833	
2.157700	
2.151900	
2.236800	
2.233500	
2.190033	
2.058533	
1.862667	
1.918600	
1.970233	
2.133567	
1.757433	
1.770167	
2.039633	
1.803267	
1.919100	
2.175200	
2.437733	
2.152267	
2.187400	
2.009267	
2.226133	
2.069400	
2.168433	
2.245000	
2.255733	
1.931367	
2.059600	
2.011500	
1.940867	
2.145133	
2.064300	
2.289567	
1.865767	
1.929533	
2.078033	
1.922733	
2.018367	
2.012533	
2.117233	
2.112500	
2.058167	
2.013533	
1.834900	
1.707567	
1.967333	
2.053800	
1.968733	
1.724367	
1.910033	
2.009500	
2.450233	
2.662200	
2.231533	
2.193133	
2.258433	
1.746633	
1.776867	
1.880267	
1.897867	
1.986600	
2.054067	
2.130733	
1.910733	
2.040233	
2.217833	
2.044600	
1.976333	
2.142967	
2.042833	
1.775267	
1.953567	
2.204867	
2.234700	
2.072533	
2.074067	
2.195367	
1.972400	
2.208333	
2.144933	
1.931167	
1.775300	
1.928667	
1.929633	
1.758200	
1.629067	
1.691900	
1.859433	
1.810367	
2.034367	
2.098433	
1.778500	
2.046867	
1.842267	
1.835733	
2.151467	
1.702567	
1.795567	
1.852433	
1.778133	
1.715233	
1.838967	
1.932967	
1.647367	
1.654667	
1.669000	
1.386167	
1.607500	
1.876167	
1.802200	
1.785767	
1.260533	
1.258900	
1.328433	
1.274500	
1.299033	
1.336167	
1.236433	
1.274800	
1.251933	
1.290367	
1.284200	
1.256100	
1.223467	
1.236733	
1.198500	
1.203000	
1.208933	
1.247267	
1.235833	
1.209233	
1.277700	
1.216967	
1.248133	
1.251200	
1.193167	
1.320000	
1.270367	
1.282000	
1.248833	
1.170733	
1.198533	
1.234167	
1.205100	
1.161600	
1.191267	
1.205000	
1.177300	
1.193533	
1.221067	
2.200000	
2.180000	
2.332000	
2.457000	
2.140000	
2.437000	
2.527000	
2.115000	
2.340000	
2.231000	
2.148000	
2.023000	
2.157000	
2.168000	
2.083000	
2.192600	
1.999500	
1.929233	
2.001733	
1.950967	
2.166933	
2.158733	
2.121033	
2.202800	
2.080033	
2.313033	
2.060000	
1.908833	
1.984467	
2.182667	
1.796767	
1.755667	
1.803867	
2.037100	
1.870367	
1.858900	
2.300767	
2.207033	
2.372333	
2.286367	
2.176533	
2.253567	
2.159633	
2.298867	
2.359833	
2.339733	
2.023733	
2.248900	
1.870167	
2.047667	
1.943933	
2.065833	
2.391700	
1.892400	
1.959467	
2.186500	
2.087767	
2.203167	
2.021267	
1.782667	
1.972133	
1.680800	
1.917200	
1.829133	
1.970933	
2.118133	
1.758100	
1.904200	
1.951833	
2.028633	
1.937267	
2.555133	
2.660833	
2.329833	
2.227633	
1.927600	
1.678333	
1.881200	
1.938733	
2.157333	
2.166600	
2.135233	
1.928933	
1.867967	
1.973233	
2.132833	
2.054467	
2.255700	
2.093300	
1.978933	
1.792467	
1.953200	
1.935900	
2.216600	
2.158933	
1.935600	
1.994633	
2.170900	
2.031800	
2.071933	
2.030267	
2.202600	
2.079300	
2.106467	
1.766600	
1.767133	
1.725033	
1.664700	
1.890200	
1.765933	
1.972833	
1.783667	
1.925100	
2.001000	
2.065233	
2.256900	
1.874367	
1.932833	
1.701500	
1.831567	
2.053267	
1.820767	
1.662900	
1.810200	
1.836167	
1.741100	
1.755133	
1.703200	
1.968467	
1.800900	
1.842100	
1.882567	
2.019633	
1.811533	
1.691567	
1.945900	
1.399500	
1.530600	
1.692467	
1.704967	
1.744867	
1.264167	
1.299033	
1.247067	
1.292867	
1.229167	
1.367200	
1.266267	
1.223300	
1.242533	
1.260567	
1.214733	
1.189867	
1.228433	
1.214233	
1.213533	
1.341767	
1.207767	
1.221400	
1.268033	
1.240300	
1.225300	
1.240533	
1.253700	
1.244933	
1.252033	
1.236433	
1.137600	
1.237033	
1.186933	
1.166867	
1.164200	
1.197433	
1.248233	
1.199067	
1.174600	
1.176767	
1.225633	
1.229533	
1.238267	
2.200000	
2.295000	
2.332000	
2.457000	
2.140000	
2.437000	
2.527000	
2.115000	
2.340000	
2.231000	
2.023000	
2.182000	
2.168000	
2.083000	
2.152133	
1.991533	
1.934400	
1.985133	
2.060133	
2.207167	
2.132633	
1.838367	
2.118933	
2.280133	
2.233467	
1.970233	
2.315133	
2.211567	
2.060433	
1.950167	
1.996467	
2.056433	
2.201133	
1.866067	
1.760833	
1.821533	
2.067233	
1.824200	
1.872900	
1.987733	
2.290733	
2.454267	
2.211700	
2.330033	
2.386700	
2.247267	
2.339467	
2.297000	
2.027267	
1.907700	
2.104167	
2.151433	
2.354133	
1.927733	
2.282567	
2.136633	
2.195333	
1.809300	
2.063867	
1.888367	
1.639300	
2.005633	
2.218367	
1.826900	
1.971500	
2.334900	
1.876333	
2.121633	
2.571800	
2.677967	
2.448767	
2.520733	
2.216033	
2.440533	
1.864700	
1.750367	
1.705800	
1.837133	
1.925267	
1.913467	
2.047533	
2.182900	
2.175367	
1.915733	
2.035167	
2.086767	
2.224267	
2.206167	
2.340567	
1.886333	
1.701000	
2.070800	
2.143467	
1.989933	
1.980667	
2.157900	
2.216267	
2.205300	
2.024800	
2.066267	
1.901033	
2.081800	
2.149533	
1.717833	
1.862933	
1.885433	
1.678967	
1.718100	
1.726967	
1.764967	
1.813033	
2.083567	
2.002500	
1.962933	
2.208367	
1.879733	
2.064300	
1.821267	
2.061600	
1.789667	
1.732567	
1.651033	
1.805167	
1.707567	
1.735600	
1.881700	
1.851967	
1.969567	
1.898833	
1.845133	
1.575033	
1.490700	
1.670467	
1.757300	
1.792900	
1.293433	
1.212700	
1.260867	
1.324933	
1.280867	
1.291767	
1.325867	
1.475400	
1.319600	
1.408667	
1.290467	
1.199367	
1.222500	
1.218100	
1.209300	
1.209067	
1.200367	
1.298300	
1.216067	
1.255000	
1.221767	
1.225333	
1.308500	
1.306800	
1.302633	
1.232567	
1.233900	
1.220800	
1.236167	
1.247167	
1.237467	
1.214633	
1.190133	
1.172933	
1.217500	
1.244333	
1.224167	
1.190300	
1.224633	
1.241967	
1.249600	
2.545000	
2.454000	
2.810000	
2.342000	
2.291000	
2.507000	
2.869000	
2.548000	
2.434000	
2.359000	
2.471000	
2.415000	
2.427000	
2.267000	
1.921800	
2.071633	
2.404600	
2.367767	
2.112633	
2.270600	
2.431833	
2.285600	
2.289467	
2.394267	
2.176533	
1.906133	
1.822000	
1.743333	
2.142567	
1.936000	
2.020633	
2.033500	
2.192167	
2.571767	
2.147200	
2.094433	
2.369267	
2.201067	
2.321333	
2.013067	
1.890367	
1.999167	
1.933033	
2.165900	
2.068400	
2.173333	
1.890733	
2.302133	
1.955000	
2.049467	
2.189867	
2.133900	
2.284667	
2.237233	
2.099367	
1.870733	
1.969533	
2.095400	
2.017267	
1.996200	
1.718867	
1.865733	
1.915333	
1.999233	
2.485633	
2.599300	
2.312600	
2.202233	
2.443033	
1.898667	
1.787900	
1.906833	
1.963133	
1.946967	
2.077300	
1.928967	
1.952600	
1.943700	
1.874733	
2.087533	
2.050400	
2.191000	
1.948267	
1.903533	
1.671900	
1.977667	
2.219900	
2.185800	
1.912800	
1.797033	
2.107000	
2.240600	
1.962400	
1.870467	
1.718800	
1.774167	
1.689833	
1.617400	
1.593033	
1.758533	
1.927067	
1.712567	
2.081800	
1.971267	
2.013133	
2.068867	
2.118433	
1.780667	
1.749467	
1.693400	
2.072533	
1.792500	
1.861367	
1.733633	
1.720400	
1.723300	
1.931367	
1.855667	
1.736200	
1.859700	
1.626767	
1.715000	
1.926667	
1.825567	
1.651967	
1.896567	
1.757400	
1.722733	
1.233667	
1.291067	
1.217300	
1.219700	
1.255933	
1.288400	
1.221700	
1.270967	
1.215200	
1.198733	
1.239367	
1.259367	
1.207100	
1.190500	
1.221700	
1.214067	
1.201100	
1.171967	
1.293933	
1.206867	
1.207167	
1.223167	
1.175200	
1.182467	
1.213700	
1.217733	
1.226733	
1.188167	
1.232233	
1.249400	
1.233433	
1.231100	
1.163667	
1.172700	
1.139333	
1.167367	
1.204400	
1.173367	
1.236300	
1.168867	
1.182967	
1.202033	
2.545000	
2.452000	
2.589000	
2.342000	
2.665000	
2.548000	
2.359000	
2.415000	
2.427000	
2.146500	
1.968200	
2.105133	
2.272333	
2.063900	
2.343633	
2.084667	
2.341400	
2.357567	
2.390133	
2.463133	
2.262867	
2.130600	
2.201067	
2.178233	
1.929067	
1.883167	
1.765367	
2.222833	
2.009133	
2.437767	
2.222800	
2.568300	
2.352900	
2.249200	
2.287467	
2.620633	
2.381600	
1.990933	
2.167900	
1.991133	
1.881500	
2.041700	
1.935000	
2.080933	
2.079767	
2.285933	
2.271067	
1.992467	
2.103633	
2.143300	
2.292200	
2.171867	
2.131200	
1.868933	
2.003900	
2.214800	
1.917333	
2.000233	
1.868333	
1.969933	
2.008967	
2.050133	
1.996767	
2.503167	
2.856867	
2.379633	
2.343033	
2.379300	
2.467433	
1.893833	
1.679267	
1.755500	
1.784667	
2.078933	
2.050033	
2.120500	
2.190100	
1.973600	
2.113333	
2.213367	
1.996733	
2.432167	
2.242467	
2.279233	
1.966133	
2.338533	
2.234667	
2.145733	
2.403900	
2.076867	
2.235167	
1.877867	
2.393733	
2.360100	
2.311233	
2.288367	
2.275033	
1.713900	
1.893467	
1.726033	
1.630533	
1.742800	
1.883000	
1.756833	
1.743200	
2.220833	
1.862033	
1.936867	
2.277900	
1.949800	
1.679267	
1.701367	
1.741400	
1.851967	
1.772333	
1.742667	
1.712067	
1.961067	
1.763433	
1.860800	
2.037000	
1.804500	
1.751567	
2.122567	
1.820367	
1.612600	
1.547200	
1.851767	
1.624300	
1.298600	
1.231367	
1.270433	
1.278533	
1.365567	
1.359367	
1.226433	
1.189067	
1.210000	
1.192300	
1.223600	
1.179733	
1.310367	
1.179767	
1.230300	
1.208700	
1.247600	
1.252233	
1.247567	
1.206367	
1.227367	
1.220033	
1.134567	
1.208433	
1.170367	
1.146733	
1.149367	
1.177833	
1.174600	
1.228667	
1.220200	
2.810000	
2.342000	
2.507000	
2.549000	
2.434000	
2.359000	
2.346000	
2.415000	
2.427000	
2.160533	
1.998967	
2.096233	
2.468133	
2.442000	
2.035900	
2.303267	
2.436833	
2.204100	
2.498167	
2.213367	
2.252200	
2.231967	
2.340833	
2.229467	
1.969733	
1.876767	
1.786100	
2.214700	
1.985067	
1.988500	
2.326567	
2.166967	
2.544300	
2.689033	
2.475600	
2.295400	
2.361300	
2.577367	
2.482000	
2.256133	
2.043600	
1.972400	
2.030967	
2.337333	
2.443067	
2.043533	
2.242200	
2.177300	
2.454600	
2.350900	
1.796167	
2.166367	
1.891067	
1.574733	
2.277133	
1.974200	
2.055267	
2.379267	
1.870133	
1.974833	
2.126000	
2.042900	
2.121500	
2.773133	
2.479300	
2.625333	
2.377033	
2.687167	
1.898500	
1.838400	
2.080500	
2.204133	
2.002200	
2.554733	
2.191133	
2.226700	
2.375167	
1.860300	
1.861600	
2.384900	
2.145967	
2.159267	
2.417967	
2.252633	
2.480667	
1.715733	
1.849333	
1.780667	
1.813100	
1.851300	
2.127533	
1.916400	
2.264833	
2.073367	
2.081900	
1.932100	
1.941000	
2.020933	
1.705767	
1.723933	
1.892667	
1.832333	
1.764900	
1.798100	
1.999467	
2.023800	
1.936800	
1.953467	
1.738567	
1.771933	
2.073700	
1.812567	
1.589733	
1.592133	
1.666067	
1.853867	
1.812133	
1.271767	
1.272833	
1.252833	
1.264933	
1.275133	
1.257767	
1.309300	
1.447700	
1.313133	
1.388000	
1.298600	
1.182333	
1.208100	
1.191633	
1.197633	
1.221033	
1.204600	
1.199033	
1.284067	
1.193933	
1.261267	
1.203700	
1.221733	
1.239267	
1.295533	
1.285367	
1.280667	
1.208233	
1.219200	
1.194767	
1.183733	
1.203833	
1.227267	
1.143833	
1.174600	
1.208600	
1.144933	
1.204400	
1.244033	
1.219600	
1.207267	
1.262200	
1.265467	
2.994000	
2.886000	
2.830000	
3.020000	
3.059000	
2.853000	
2.790000	
2.917000	
3.069000	
3.168000	
2.781000	
2.922000	
2.962000	
2.846000	
2.791000	
2.832000	
2.852000	
2.543033	
2.361100	
2.288133	
2.340533	
2.681900	
2.796367	
2.283400	
2.642833	
2.669333	
2.332300	
2.646167	
2.730400	
2.496400	
2.538100	
2.047200	
2.000367	
1.996733	
2.329967	
2.133500	
2.157467	
2.492400	
2.419600	
2.607633	
2.509133	
2.312533	
2.559467	
2.710700	
2.302267	
2.037367	
2.052600	
2.206400	
2.081400	
2.329500	
2.378000	
1.989733	
1.661800	
2.040533	
2.018667	
2.270667	
1.836700	
2.141333	
1.980767	
2.028567	
2.078033	
2.537367	
2.852533	
2.299467	
2.240567	
1.978133	
1.790833	
2.013300	
1.993467	
2.050267	
1.963000	
2.157267	
2.205567	
1.981067	
2.042533	
2.347933	
2.008567	
1.987233	
2.236933	
2.148000	
1.879733	
2.275900	
2.282700	
2.040100	
2.185333	
2.232433	
2.116133	
2.271667	
1.727967	
1.953867	
1.677267	
2.020067	
2.078833	
1.747067	
2.219433	
1.919600	
2.066433	
1.985800	
2.154300	
2.072167	
1.981867	
2.077567	
1.811700	
1.822400	
1.792067	
1.719100	
1.809600	
2.000667	
1.861267	
1.710433	
1.960633	
1.618300	
1.600433	
1.596733	
1.661700	
1.857867	
1.730233	
1.232367	
1.226900	
1.227167	
1.272800	
1.211367	
1.300567	
1.245433	
1.239300	
1.191000	
1.229600	
1.195400	
1.185500	
1.197733	
1.205967	
1.210667	
1.180100	
1.178700	
1.223533	
1.206433	
1.217933	
1.163367	
1.275867	
1.198767	
1.223967	
1.225867	
1.220367	
1.230033	
1.140967	
1.189733	
1.180333	
1.150233	
1.150533	
1.172967	
1.168167	
1.165067	
1.160767	
1.191067	
1.218133	
2.830000	
3.020000	
2.853000	
2.790000	
2.917000	
2.922000	
2.962000	
2.791000	
2.832000	
2.724000	
2.852000	
2.857000	
2.616167	
2.252500	
2.428000	
2.585500	
2.342133	
2.817633	
2.435700	
2.565067	
2.697300	
2.340900	
2.780233	
2.610433	
2.362600	
2.427167	
2.500600	
2.518100	
2.071667	
1.985333	
2.063900	
2.522000	
2.184733	
2.229233	
2.353433	
2.451700	
2.761533	
2.525600	
2.696867	
2.564033	
2.503867	
2.830100	
2.736900	
2.810133	
2.192800	
2.329467	
2.151567	
2.062433	
2.312433	
2.473867	
2.363833	
2.468967	
2.784567	
2.589300	
2.454267	
2.309767	
2.325467	
2.559200	
2.573733	
2.444200	
2.258833	
1.965967	
2.317867	
1.986533	
2.051533	
2.138367	
2.768733	
2.883433	
2.629100	
2.430333	
2.577067	
1.777900	
1.887800	
2.132067	
2.236333	
2.059767	
2.385867	
2.180533	
2.437533	
2.549267	
2.376367	
2.453167	
2.369267	
1.974533	
1.886233	
1.736067	
2.121400	
2.384333	
2.139667	
2.083367	
2.266967	
2.444967	
2.010300	
2.277733	
2.493100	
2.311667	
2.376500	
2.609667	
1.699600	
1.846100	
1.930000	
1.752000	
1.637233	
1.792933	
1.830200	
1.811500	
2.110700	
2.255200	
2.157300	
1.918167	
2.329967	
2.153867	
2.190500	
2.186300	
1.807467	
2.203700	
1.837400	
1.913533	
1.974200	
1.849167	
1.809533	
1.809967	
1.762733	
1.978500	
1.985767	
1.795500	
1.901733	
1.951667	
2.104067	
1.845933	
1.900800	
1.809200	
1.644467	
1.589067	
1.548867	
1.833433	
1.798867	
1.263533	
1.234300	
1.246733	
1.298733	
1.377433	
1.294233	
1.196567	
1.236800	
1.198633	
1.212833	
1.208800	
1.176100	
1.198767	
1.241300	
1.239700	
1.251600	
1.288600	
1.200500	
1.213200	
1.196367	
1.221933	
1.141333	
1.198767	
1.177667	
1.155867	
1.156500	
1.179033	
1.168267	
1.169733	
1.211700	
1.200300	
2.994000	
2.886000	
2.917000	
2.790000	
2.917000	
3.069000	
3.168000	
2.781000	
2.922000	
2.962000	
2.846000	
2.791000	
2.832000	
2.724000	
2.852000	
2.857000	
2.592600	
2.405967	
2.833633	
2.304367	
2.541733	
2.809133	
2.543133	
2.780233	
2.779667	
2.526567	
2.445300	
2.704400	
2.037933	
2.030833	
2.484700	
2.183233	
2.225200	
2.599667	
2.466433	
2.761267	
2.852700	
2.987867	
2.800700	
2.210400	
2.451033	
2.193567	
2.314267	
2.397500	
2.572067	
2.577767	
2.806667	
2.302433	
2.227733	
2.471333	
2.422867	
2.731733	
2.566733	
2.459067	
1.934400	
2.387567	
1.974767	
2.269767	
2.054067	
2.178100	
2.512000	
2.020333	
2.311067	
2.214233	
2.402100	
2.907167	
2.892233	
2.728333	
2.730167	
2.866500	
1.994467	
1.873800	
1.885833	
2.128833	
2.130467	
2.395200	
2.151267	
2.238300	
2.264100	
2.503867	
2.247433	
2.334867	
2.714567	
1.947500	
1.959233	
2.060267	
2.129633	
2.428767	
2.078933	
2.258833	
2.468967	
2.512267	
2.466233	
2.571333	
2.464467	
1.740767	
1.892700	
1.855533	
1.812767	
1.884633	
1.987667	
2.363600	
2.372233	
2.280667	
2.166167	
2.498100	
2.114567	
2.014567	
1.970700	
2.133500	
1.656300	
2.029500	
1.806833	
1.953200	
1.875467	
1.901167	
1.759900	
1.920633	
2.103133	
1.956667	
2.049667	
2.183800	
1.875500	
1.980300	
2.307700	
1.853800	
1.565167	
1.550700	
1.563900	
1.723733	
1.755433	
1.871200	
1.281633	
1.267233	
1.213800	
1.252267	
1.305067	
1.347567	
1.447833	
1.345000	
1.177500	
1.184100	
1.202000	
1.190833	
1.207733	
1.228767	
1.209133	
1.218567	
1.331000	
1.224100	
1.241733	
1.214967	
1.201900	
1.306600	
1.275633	
1.257133	
1.201700	
1.200267	
1.192567	
1.187367	
1.197800	
1.215167	
1.141167	
1.166167	
1.225833	
1.146767	
1.170367	
1.213133	
1.239567	
1.228533	
1.229333	
1.239067	
1.258267	
1.283267	
3.014000	
2.897000	
3.033000	
3.156000	
2.914000	
3.057000	
2.829000	
2.999000	
2.982000	
2.931000	
2.817000	
2.817000	
2.401633	
2.306067	
2.350700	
2.647000	
2.457300	
2.754167	
2.685000	
2.728667	
2.560667	
2.287233	
2.686967	
2.745533	
2.497300	
2.375667	
2.543533	
2.072567	
1.983000	
2.058933	
1.989867	
2.352233	
2.229100	
2.528167	
2.646733	
2.684667	
2.494433	
2.505500	
2.675733	
2.498067	
2.391233	
2.576333	
2.655600	
2.922500	
2.111600	
2.391900	
2.093500	
2.220333	
2.283867	
2.209400	
2.337933	
2.628300	
2.124933	
2.303800	
2.491467	
2.401533	
2.145067	
2.383500	
2.389867	
1.920667	
1.942833	
1.686900	
2.116067	
2.255500	
2.026167	
2.047967	
2.205800	
1.859067	
1.983833	
2.124300	
2.116800	
2.376167	
2.375133	
1.954067	
1.752333	
1.790333	
1.794400	
2.032200	
1.986567	
2.126600	
2.010267	
2.444100	
2.456067	
2.012500	
2.300533	
2.425967	
1.945667	
1.918300	
1.943233	
1.682167	
2.113200	
2.285033	
1.983633	
2.209000	
2.154967	
2.088600	
1.955133	
2.208567	
2.191933	
2.159767	
2.291533	
2.195200	
1.745800	
1.889200	
1.965033	
1.749733	
1.755500	
1.741567	
2.056000	
1.776200	
2.039000	
2.169300	
1.896233	
2.159300	
2.162700	
2.037567	
1.959633	
2.286000	
1.784067	
2.146333	
1.794500	
1.727367	
1.922733	
1.886233	
1.809000	
1.793667	
1.785933	
1.985467	
1.918433	
1.824900	
1.643600	
1.755967	
2.074933	
1.899933	
1.651167	
1.568733	
1.772100	
1.780133	
1.239300	
1.242467	
1.212667	
1.301367	
1.219567	
1.207800	
1.309833	
1.217733	
1.190467	
1.245433	
1.243367	
1.233300	
1.196600	
1.230467	
1.219967	
1.200067	
1.170367	
1.288433	
1.189733	
1.185533	
1.217200	
1.167700	
1.244100	
1.220033	
1.231567	
1.174433	
1.299267	
1.235633	
1.224200	
1.188833	
1.141800	
1.164233	
1.215367	
1.163300	
1.171667	
1.187567	
1.236533	
3.046000	
2.897000	
3.072000	
3.156000	
2.914000	
2.806000	
3.057000	
3.099000	
3.256000	
2.829000	
2.955000	
2.931000	
2.817000	
2.896000	
2.935000	
2.536867	
2.467833	
2.728567	
2.848967	
2.415533	
2.678300	
2.808067	
2.494767	
2.733967	
2.559700	
2.469467	
2.456933	
2.590567	
2.530400	
2.113833	
2.095000	
2.093433	
2.568433	
2.264600	
2.628400	
2.630833	
2.804133	
2.564533	
2.702567	
2.650400	
2.624300	
2.808833	
2.891133	
2.123133	
2.155900	
2.614233	
2.349833	
2.330600	
2.815667	
2.346067	
2.527733	
2.347267	
2.727433	
2.609733	
1.958700	
2.272800	
1.722967	
2.115400	
2.093333	
2.313100	
2.267933	
2.045900	
2.236033	
2.382133	
2.812933	
2.631667	
1.960600	
1.804033	
1.771600	
1.780533	
2.209067	
2.158000	
2.369700	
2.353300	
2.096300	
2.288000	
2.395367	
2.499700	
2.426433	
2.336500	
2.573567	
2.424733	
1.949200	
1.896600	
1.969800	
1.733233	
2.132533	
2.268267	
2.011367	
2.247433	
2.298233	
2.282800	
2.109033	
2.465767	
2.340767	
2.377000	
1.922767	
1.684233	
1.695433	
1.667333	
1.816033	
2.120867	
1.836233	
2.232867	
2.095233	
2.188367	
2.263967	
2.137200	
1.818467	
1.766000	
1.725200	
2.019900	
2.030667	
1.808400	
1.957100	
2.019567	
1.872000	
1.969800	
1.858667	
1.907433	
1.894200	
1.528467	
1.687567	
1.752200	
1.785133	
1.219867	
1.232433	
1.279133	
1.243800	
1.255100	
1.182733	
1.186567	
1.192067	
1.200633	
1.212533	
1.210233	
1.277633	
1.194733	
1.182867	
1.252367	
1.199767	
1.195033	
1.236633	
1.288567	
1.285600	
1.234367	
1.240833	
1.197100	
1.226267	
1.203133	
1.228967	
1.151000	
1.183900	
1.151367	
1.148567	
1.217167	
1.161667	
1.176000	
1.180233	
1.214200	
1.222100	
3.046000	
3.014000	
2.897000	
3.033000	
3.072000	
3.156000	
2.914000	
2.806000	
3.057000	
3.099000	
3.256000	
2.955000	
2.931000	
2.935000	
2.699633	
2.547000	
2.463533	
2.693067	
2.502467	
2.875300	
2.664333	
2.858300	
2.627467	
2.851167	
2.838433	
2.524867	
2.445700	
2.550100	
2.708100	
2.330600	
2.530733	
2.255767	
2.226700	
2.683067	
2.575167	
2.943633	
2.525100	
2.717167	
2.508800	
3.092567	
2.910433	
2.215667	
2.540400	
2.408300	
2.352433	
2.367400	
2.602267	
2.596500	
2.350033	
2.298600	
2.788767	
2.447833	
2.571533	
2.531133	
2.536467	
2.617700	
2.602733	
2.038767	
2.371800	
1.769267	
2.322000	
2.408633	
2.328233	
2.424467	
2.995667	
3.112833	
2.787233	
2.714800	
2.650533	
2.957033	
1.986000	
1.842367	
1.881433	
2.068000	
2.265167	
2.339433	
2.145733	
2.279333	
2.335267	
2.142567	
2.561267	
2.349400	
2.448767	
2.342300	
2.720233	
2.705100	
2.073367	
2.032900	
2.091100	
1.826400	
2.240800	
2.441000	
2.135700	
2.298933	
2.529100	
2.418567	
2.528367	
2.529500	
2.254000	
2.666000	
2.728333	
2.659233	
2.777567	
2.673800	
1.746867	
1.913367	
1.952167	
1.874333	
1.895500	
2.064467	
1.812800	
2.374867	
2.355733	
2.165767	
2.646200	
2.022467	
2.181833	
2.037567	
1.928867	
1.978833	
1.990567	
1.866367	
2.021433	
1.799000	
1.913300	
1.877233	
1.807900	
1.884467	
2.114800	
2.219800	
1.981900	
1.983967	
2.444167	
1.908567	
2.401600	
1.843900	
1.632400	
1.598433	
1.736000	
1.833433	
1.793433	
1.812033	
1.277067	
1.248967	
1.248333	
1.302533	
1.282633	
1.353300	
1.174400	
1.171200	
1.185600	
1.189233	
1.215833	
1.207933	
1.215267	
1.199900	
1.342100	
1.205467	
1.254300	
1.218433	
1.210100	
1.283933	
1.267733	
1.250900	
1.204300	
1.188433	
1.199567	
1.190700	
1.204633	
1.212633	
1.145400	
1.161867	
1.156967	
1.192767	
1.226767	
1.189633	
1.226067	
1.226933	
1.257700	
1.280000	
1.271033	
3.082000	
2.936000	
3.076000	
3.176000	
3.209000	
2.889000	
3.033000	
3.137000	
2.907000	
2.977000	
2.888000	
2.447900	
2.434667	
2.637933	
2.517433	
2.700933	
2.629967	
2.760700	
2.675700	
2.729833	
2.563833	
2.407967	
2.515233	
2.512833	
2.560933	
2.099033	
2.033467	
2.051700	
2.442967	
2.097267	
2.574867	
2.242833	
2.565233	
2.579133	
2.552367	
2.626800	
2.518000	
2.487667	
2.712500	
2.616967	
2.720133	
2.855067	
2.059267	
2.058667	
2.235933	
2.120133	
2.234300	
2.261567	
2.375067	
2.075900	
2.561733	
2.369233	
2.287800	
1.958300	
2.277067	
2.120233	
1.980167	
1.985233	
2.258867	
1.995900	
2.097367	
2.120133	
2.081733	
2.510000	
2.830367	
2.434467	
2.386567	
1.778333	
1.715067	
1.891433	
2.006067	
1.943433	
2.077967	
2.100467	
2.178967	
2.241900	
2.233067	
1.918733	
2.403533	
2.093967	
2.240000	
2.456367	
2.332267	
1.969300	
1.896800	
2.077867	
2.241633	
2.265433	
1.967600	
2.051567	
2.238833	
2.089533	
2.041900	
1.946667	
2.221933	
2.314900	
2.131400	
2.251433	
1.767133	
1.780667	
1.908067	
1.917567	
1.796267	
2.154300	
2.090800	
1.969700	
2.116267	
2.239667	
2.255100	
1.868767	
2.046367	
1.718767	
1.794200	
2.222367	
1.694833	
1.919500	
1.946200	
1.841367	
1.795733	
1.722267	
1.941600	
1.969033	
1.930333	
1.657333	
1.780033	
1.892233	
1.615500	
1.617933	
1.664667	
1.907200	
1.762333	
1.716233	
1.240233	
1.250800	
1.201233	
1.218667	
1.298667	
1.220333	
1.217433	
1.202933	
1.192933	
1.217100	
1.252200	
1.225133	
1.199100	
1.216300	
1.206067	
1.282433	
1.224367	
1.176600	
1.238333	
1.219533	
1.227800	
1.277700	
1.187967	
1.230400	
1.235467	
1.233267	
1.134167	
1.156867	
1.187167	
1.165933	
1.153633	
1.155667	
1.205933	
1.171267	
1.171700	
1.170533	
1.174333	
3.090000	
3.076000	
3.176000	
2.953000	
2.889000	
3.033000	
3.137000	
3.275000	
2.907000	
2.997000	
3.009000	
2.977000	
2.857000	
2.957000	
2.934000	
2.642467	
2.358900	
2.589300	
2.747933	
2.795933	
2.401467	
2.719333	
2.699500	
2.531333	
2.786467	
2.735733	
2.487400	
2.540100	
2.585733	
2.554467	
2.109900	
2.589600	
2.220333	
2.301900	
2.676000	
2.698333	
2.880000	
2.515800	
2.717567	
2.610733	
2.913367	
2.898733	
2.918700	
2.366200	
2.515200	
2.225833	
2.581500	
2.294600	
2.456600	
2.392233	
2.257800	
2.457700	
2.358433	
2.411633	
2.594400	
2.825633	
2.488967	
2.617900	
2.266867	
1.983600	
1.755133	
2.303833	
2.068367	
2.237400	
2.385833	
2.816967	
2.876633	
2.721033	
2.008633	
1.869733	
2.072667	
2.171367	
2.084233	
2.347100	
2.366267	
2.136400	
2.269033	
2.156367	
2.660133	
2.158833	
2.342867	
2.564500	
1.939133	
1.890567	
1.992333	
1.746467	
2.126700	
2.387300	
2.248233	
2.218300	
2.524633	
2.338633	
2.368600	
2.560667	
2.348300	
1.751767	
1.899400	
1.935967	
1.716067	
1.668200	
2.016233	
1.845667	
2.130133	
2.257600	
2.124867	
2.167933	
1.936433	
2.230233	
2.362633	
2.200467	
2.193867	
2.135567	
1.795833	
2.198400	
2.018267	
2.028233	
1.763133	
1.844600	
1.953733	
1.977400	
2.032100	
2.063067	
1.809200	
2.103733	
1.905000	
1.565633	
1.605800	
1.600133	
1.658033	
1.885033	
1.787000	
1.274833	
1.262667	
1.218567	
1.257067	
1.239167	
1.292333	
1.325067	
1.246933	
1.325133	
1.182433	
1.192400	
1.213400	
1.195933	
1.169800	
1.190333	
1.249467	
1.200200	
1.201733	
1.261567	
1.256867	
1.284133	
1.202867	
1.227433	
1.196567	
1.210833	
1.127800	
1.189367	
1.181200	
1.146233	
1.151467	
1.178567	
1.185433	
1.203267	
1.200533	
1.234700	
3.090000	
2.936000	
3.076000	
3.176000	
3.209000	
2.953000	
2.889000	
3.033000	
2.907000	
2.977000	
2.888000	
2.857000	
2.957000	
2.934000	
2.781667	
2.508000	
2.491633	
2.418300	
2.732467	
2.889800	
2.994633	
2.969400	
2.775667	
2.570233	
2.803667	
2.865667	
2.576633	
2.576600	
2.483333	
2.634233	
2.357267	
2.074567	
2.041500	
2.063933	
2.568833	
2.197633	
2.531567	
2.833233	
3.016333	
2.854133	
2.632733	
2.886600	
2.759533	
2.602767	
3.126367	
2.961400	
3.057333	
2.538267	
2.242100	
2.090867	
2.337733	
2.315367	
2.600367	
2.814033	
2.424133	
2.500267	
2.757200	
2.566433	
2.613100	
2.704733	
2.582267	
2.523267	
2.047800	
2.007500	
1.819400	
2.173067	
2.336533	
2.095433	
2.430100	
2.483267	
2.423633	
3.000667	
2.925867	
2.623733	
2.675500	
3.016267	
1.950767	
1.844600	
1.960500	
2.123267	
2.197033	
2.585200	
2.279500	
2.574467	
2.274533	
2.399700	
2.295300	
2.600200	
2.548833	
2.515400	
2.731467	
2.806333	
2.054367	
2.074867	
2.071200	
1.814633	
2.216667	
2.524000	
2.672933	
2.220500	
2.368033	
2.584167	
2.584400	
2.546667	
2.235400	
2.864933	
2.604967	
2.735733	
2.702900	
1.931433	
1.907133	
1.823533	
1.795400	
2.061200	
1.888333	
2.339467	
1.956600	
2.263067	
2.285567	
2.163733	
2.521400	
2.007800	
2.242667	
2.106267	
1.939900	
1.965500	
1.965200	
1.719400	
2.029567	
1.761600	
1.940100	
1.942800	
1.913333	
1.760633	
1.934767	
2.101767	
2.044000	
2.042767	
2.335567	
2.130500	
2.543900	
1.883133	
1.589800	
1.602867	
1.873300	
1.848267	
1.258433	
1.239733	
1.326633	
1.234233	
1.380333	
1.292233	
1.430333	
1.386867	
1.179833	
1.168633	
1.190800	
1.204900	
1.226567	
1.195133	
1.329433	
1.181700	
1.268600	
1.239933	
1.225200	
1.304200	
1.264100	
1.259167	
1.208033	
1.185267	
1.204833	
1.169400	
1.213733	
1.144467	
1.202533	
1.179700	
1.156833	
1.168400	
1.234733	
1.176600	
1.260767	
1.283900	
3.118000	
3.044000	
3.144000	
3.244000	
3.261000	
2.983000	
3.194000	
3.359000	
3.073000	
3.031000	
2.989000	
3.040000	
3.027000	
2.503033	
2.719000	
2.578100	
2.803167	
2.910400	
2.369700	
2.931333	
2.679200	
2.480200	
2.841400	
2.797367	
2.691033	
2.560433	
2.550267	
2.600300	
2.137800	
2.007800	
2.015600	
2.086567	
2.436000	
2.126700	
2.286133	
2.316233	
2.717967	
2.485600	
2.648167	
2.515533	
2.848600	
2.760067	
2.028633	
2.072333	
2.247567	
2.312133	
2.315933	
2.274300	
2.651967	
2.072300	
2.247367	
2.588433	
2.371300	
2.457367	
2.628533	
2.348500	
1.947133	
1.874533	
1.732100	
2.155333	
1.981367	
2.109133	
2.106967	
2.202900	
2.618933	
2.574467	
2.473500	
2.445767	
1.946533	
1.801100	
1.833067	
1.974633	
1.973733	
2.057300	
2.138233	
2.217667	
2.027600	
2.153500	
2.379600	
2.010767	
2.130933	
2.308067	
2.347967	
1.868400	
2.014267	
2.022167	
2.288900	
1.952633	
2.096033	
2.206933	
2.343867	
2.089767	
2.157033	
1.996000	
2.159767	
2.276467	
1.932533	
1.956733	
1.767867	
1.695367	
1.979167	
1.850800	
2.115633	
1.773533	
2.108567	
1.985400	
2.114300	
1.970833	
2.209267	
2.036233	
1.717067	
1.802500	
2.173500	
1.691933	
1.982967	
1.843700	
1.776200	
1.850433	
1.967100	
1.912600	
1.969400	
1.865067	
2.133233	
1.783167	
1.771433	
1.881900	
1.689667	
1.520733	
1.610300	
1.672833	
1.788100	
1.239667	
1.211900	
1.275533	
1.273700	
1.287133	
1.249233	
1.261033	
1.208933	
1.220233	
1.205633	
1.188467	
1.175567	
1.193933	
1.229300	
1.162367	
1.167967	
1.213333	
1.221767	
1.216567	
1.216367	
1.185900	
1.214467	
1.236567	
1.170667	
1.185967	
1.169767	
1.150433	
1.151833	
1.198667	
1.167033	
1.153233	
1.186767	
3.144000	
3.244000	
3.015000	
3.194000	
3.276000	
2.957000	
3.120000	
3.073000	
3.031000	
2.951000	
2.989000	
3.040000	
3.027000	
2.714533	
2.442533	
2.566433	
2.707333	
2.800733	
2.898333	
2.858967	
2.798633	
2.898700	
2.550333	
2.916233	
2.755000	
2.577567	
2.575000	
2.584333	
2.628400	
2.709833	
2.125267	
2.100800	
2.689567	
2.822800	
2.431933	
2.785733	
2.892967	
2.504700	
2.680133	
2.729900	
2.880200	
2.588500	
2.839100	
2.872400	
2.299500	
2.334900	
2.082200	
2.279500	
2.314233	
2.786633	
2.309167	
2.358467	
2.550833	
2.446800	
2.890633	
2.569067	
1.966600	
2.296400	
2.078267	
1.784667	
2.377533	
2.474433	
2.309767	
2.321067	
2.178233	
2.225433	
2.219300	
2.192133	
2.895767	
2.781500	
2.811600	
2.579400	
2.936233	
2.058767	
1.766167	
1.766900	
1.883600	
2.248367	
2.325133	
2.142033	
2.158133	
2.270900	
2.166133	
2.666767	
2.287933	
2.373567	
1.875900	
1.735767	
2.441400	
2.415467	
2.232100	
2.149933	
2.339267	
2.269500	
2.438800	
2.063233	
2.580600	
2.673600	
2.823367	
2.452567	
1.762967	
1.986500	
1.724067	
1.718200	
1.730433	
1.909500	
2.209400	
1.860200	
2.307733	
2.256533	
2.410533	
1.924300	
2.349000	
2.309200	
2.097033	
2.132667	
1.730333	
1.780433	
2.236333	
1.693167	
1.986600	
2.001267	
1.854300	
1.817333	
1.848133	
1.901967	
1.991100	
2.111367	
1.996333	
2.020500	
2.137033	
1.819733	
1.904467	
1.604767	
1.590600	
1.622333	
1.934600	
1.782133	
1.870567	
1.247500	
1.259233	
1.242067	
1.267667	
1.231367	
1.303267	
1.360000	
1.355067	
1.277067	
1.176533	
1.201433	
1.237400	
1.179100	
1.206533	
1.205700	
1.206267	
1.179733	
1.184100	
1.232067	
1.210800	
1.209400	
1.262467	
1.215167	
1.249267	
1.177067	
1.212333	
1.185600	
1.160167	
1.172400	
1.135267	
1.149800	
1.182100	
1.223100	
1.194867	
1.251367	
1.221467	
1.236833	
3.225000	
3.118000	
3.044000	
3.244000	
3.261000	
3.276000	
3.359000	
2.957000	
3.123000	
3.073000	
2.989000	
3.040000	
3.027000	
2.581967	
2.569100	
2.546333	
2.582467	
2.920567	
2.896667	
2.872500	
2.662433	
2.956500	
2.935333	
2.635333	
2.634333	
2.550767	
2.636767	
2.720600	
2.451800	
2.177000	
2.140033	
2.639733	
2.654067	
2.789667	
3.078567	
2.940300	
2.706700	
3.160633	
3.032733	
3.043467	
2.530633	
2.223933	
2.152200	
2.509167	
2.398600	
2.676067	
3.030867	
2.508700	
2.770533	
2.712400	
2.789600	
2.812967	
2.719100	
2.103233	
2.505167	
1.792033	
2.271667	
2.403000	
2.310567	
2.466200	
2.495500	
2.509400	
2.471267	
2.502333	
3.181133	
2.968867	
3.086833	
2.004800	
1.825867	
2.066833	
2.211900	
2.225767	
2.338633	
2.556000	
2.099200	
2.284533	
2.425133	
2.815333	
2.530733	
2.786100	
2.740800	
2.687267	
2.828100	
2.114133	
2.047933	
1.961267	
2.584467	
2.311733	
2.313300	
2.381600	
2.627167	
2.516633	
2.556767	
2.306633	
2.625100	
2.671500	
2.885100	
1.750933	
1.978867	
1.931867	
1.812733	
1.828167	
2.162633	
2.298967	
2.004633	
2.294633	
2.186467	
2.381467	
2.058933	
1.906000	
1.997400	
1.997000	
1.731633	
1.840533	
2.023000	
1.760367	
1.710300	
1.948700	
2.016967	
1.885067	
1.759800	
1.765900	
1.931900	
2.227533	
2.011200	
2.107767	
2.161133	
1.968833	
1.878800	
1.620067	
1.628933	
1.721300	
1.924233	
1.908033	
1.903433	
1.287400	
1.277300	
1.228733	
1.357500	
1.265300	
1.356667	
1.373633	
1.375467	
1.184933	
1.211067	
1.189667	
1.193867	
1.209333	
1.213700	
1.191100	
1.315733	
1.204100	
1.246500	
1.236600	
1.222633	
1.317733	
1.204400	
1.193033	
1.192433	
1.192067	
1.227700	
1.144133	
1.202133	
1.186267	
1.169933	
1.192633	
1.174633	
1.187733	
1.237500	
1.265267	
3.182000	
3.156667	
3.124000	
3.138667	
3.205667	
3.263667	
3.135667	
3.100333	
3.267000	
3.359000	
3.107667	
3.158000	
3.143667	
3.115333	
3.030000	
2.994333	
3.089333	
3.104667	
2.639733	
2.520133	
2.654533	
2.703467	
2.838700	
2.624467	
2.609233	
2.666000	
2.721167	
2.551033	
2.588267	
2.597967	
2.611500	
2.301133	
2.074867	
2.007233	
2.225300	
2.402567	
2.543433	
2.555667	
2.742733	
2.611167	
2.489133	
2.783200	
2.463333	
2.716067	
2.902900	
2.896300	
2.262500	
2.168367	
2.067967	
2.171400	
2.373567	
2.317033	
2.439667	
2.558200	
2.494633	
2.334233	
2.607067	
2.604533	
2.125867	
2.126267	
1.979167	
1.782500	
1.966333	
2.145400	
2.071000	
2.064200	
2.307300	
1.985133	
2.055100	
2.099100	
2.130133	
2.491100	
2.697100	
2.648700	
2.575467	
2.464767	
2.284800	
1.815633	
1.804333	
1.889000	
2.007933	
2.054933	
2.090267	
2.041900	
2.196600	
2.192367	
2.164600	
2.292233	
2.047933	
2.396933	
2.264933	
2.253900	
2.225333	
2.449567	
2.041900	
1.868867	
1.900700	
1.807067	
1.967433	
2.266033	
2.161133	
2.124967	
2.272433	
2.034667	
2.139000	
2.280067	
2.253933	
2.424600	
1.865200	
1.784667	
1.712433	
1.676300	
1.897967	
1.844600	
1.940567	
1.994300	
2.081133	
1.885967	
1.903667	
2.160633	
2.327733	
2.027867	
2.045533	
1.746233	
1.828833	
1.933167	
1.825433	
1.926800	
1.810000	
1.932100	
1.996767	
1.831133	
1.803833	
1.913033	
1.795567	
1.626667	
1.631800	
1.866767	
1.813533	
1.441900	
1.243833	
1.209200	
1.256967	
1.235567	
1.267433	
1.257467	
1.187133	
1.210267	
1.238600	
1.234833	
1.204800	
1.200067	
1.182667	
1.247667	
1.215533	
1.216333	
1.186467	
1.208933	
1.222500	
1.224667	
1.217633	
1.198767	
1.241700	
1.201833	
1.237267	
1.244533	
1.216667	
1.167033	
1.144200	
1.177700	
1.167400	
1.141333	
1.164533	
1.163967	
1.202833	
1.178633	
1.179167	
1.192767	
3.156667	
3.124000	
3.263667	
3.135667	
3.004667	
3.267000	
3.359000	
3.107667	
3.078667	
3.143667	
3.115333	
3.089333	
3.104667	
2.825167	
2.742000	
2.854467	
2.604300	
2.802667	
2.838200	
2.646700	
2.606367	
2.693967	
2.748067	
2.762600	
2.294200	
2.101633	
2.145833	
2.468133	
2.353233	
2.666167	
2.634933	
2.717367	
2.799633	
2.655533	
2.709367	
2.804900	
2.825467	
2.776867	
2.940500	
2.322933	
2.227267	
2.186300	
2.354933	
2.334767	
2.349633	
2.509333	
2.807900	
2.507833	
2.420500	
2.646833	
2.409900	
2.411567	
2.554333	
2.796133	
2.235300	
2.223667	
2.131633	
2.223300	
2.140500	
2.324700	
2.210300	
2.362933	
2.128900	
2.206033	
2.591767	
2.742300	
2.778067	
2.590367	
2.694000	
2.494033	
1.938133	
2.237500	
2.308100	
2.321433	
2.383067	
2.558600	
2.372200	
2.444100	
2.561600	
2.260133	
1.889233	
2.004667	
1.835167	
2.017933	
2.297933	
2.454567	
2.327067	
2.244500	
2.325533	
2.191167	
2.431667	
2.500600	
2.290000	
2.371967	
2.602333	
2.543400	
2.004433	
1.929667	
1.901067	
1.701200	
1.813900	
1.942133	
1.888667	
2.031600	
1.888300	
2.142333	
2.210933	
2.213767	
2.209200	
2.255900	
2.368533	
2.184400	
1.830333	
1.784467	
2.075333	
1.996533	
1.914433	
1.948533	
1.899867	
1.893700	
1.876333	
2.004533	
1.990067	
2.043600	
1.960400	
1.902833	
1.992467	
1.879200	
2.038567	
1.992867	
1.698967	
1.655667	
1.633333	
1.818300	
1.771100	
1.457800	
1.273667	
1.233867	
1.263267	
1.258400	
1.239900	
1.306333	
1.378733	
1.330267	
1.185533	
1.192033	
1.199900	
1.201333	
1.214767	
1.198200	
1.265733	
1.222800	
1.166867	
1.222233	
1.202233	
1.205500	
1.231067	
1.279767	
1.216333	
1.212000	
1.207267	
1.206500	
1.201133	
1.205533	
1.150267	
1.152700	
1.178867	
1.186233	
1.149767	
1.151167	
1.204867	
1.180133	
1.159067	
1.200933	
1.219700	
3.182000	
3.151000	
3.233000	
3.279000	
3.319000	
2.972000	
3.171000	
3.130000	
3.108000	
2.991000	
2.996000	
2.640800	
2.627167	
2.586867	
3.028167	
2.481100	
3.025333	
2.954133	
2.709800	
3.035267	
2.981567	
2.610133	
2.655333	
2.740833	
2.399533	
2.180033	
2.157500	
2.627933	
2.336900	
2.346267	
2.919567	
2.669000	
2.789100	
3.041267	
2.897733	
2.895200	
2.849167	
2.955300	
3.196667	
3.015867	
2.349733	
2.533900	
2.211267	
2.568467	
2.559033	
2.681467	
2.591733	
2.990933	
2.441967	
2.636000	
2.569100	
2.805667	
2.816167	
2.827967	
2.852033	
2.854067	
2.492700	
2.173100	
2.370433	
2.467667	
2.548433	
2.381367	
2.426467	
2.449000	
2.630767	
3.212433	
2.844700	
2.936533	
2.683033	
3.106500	
2.026667	
1.953300	
1.858500	
2.063367	
2.212600	
2.244367	
2.548567	
2.094067	
2.308300	
2.498000	
2.358400	
2.771900	
2.422867	
2.850533	
2.829900	
2.559233	
1.987000	
1.910267	
1.863367	
2.302233	
2.228700	
2.521267	
2.721067	
2.440700	
2.484033	
2.424067	
2.631600	
2.670467	
2.617767	
2.736400	
1.732800	
1.881467	
1.889867	
1.864733	
1.848900	
2.094500	
1.848067	
2.311300	
2.067833	
2.431633	
2.136667	
2.343533	
2.007567	
2.343633	
2.112200	
1.918067	
2.053733	
2.169733	
1.858433	
2.053367	
1.969033	
2.031933	
1.756700	
1.812033	
2.106200	
1.943600	
1.996733	
2.284467	
2.194733	
2.310200	
2.071867	
2.397433	
1.600700	
1.541167	
1.615367	
1.742267	
1.889967	
1.950067	
1.928200	
1.289667	
1.277733	
1.234000	
1.329200	
1.256733	
1.362000	
1.387267	
1.419933	
1.393600	
1.181733	
1.218200	
1.240200	
1.214633	
1.201233	
1.212967	
1.220167	
1.221900	
1.267400	
1.321433	
1.284400	
1.241067	
1.208967	
1.195633	
1.179500	
1.169967	
1.218700	
1.188000	
1.158667	
1.185333	
1.239000	
1.200967	
1.209633	
1.231833	
1.259967	
1.300467	
3.240000	
3.176000	
3.183000	
3.327000	
3.384000	
3.274000	
3.197000	
3.156000	
3.077000	
3.043000	
3.180000	
3.137000	
2.541033	
2.822200	
2.861067	
2.876400	
2.484000	
2.843533	
2.898233	
2.924467	
2.921233	
2.923333	
2.667967	
2.538467	
2.697200	
2.622500	
2.157967	
2.069533	
2.054500	
2.461233	
2.233533	
2.663033	
2.367200	
2.624433	
2.758933	
2.539333	
2.736400	
2.384300	
2.741800	
2.141167	
2.343967	
2.112367	
2.190067	
2.305967	
2.342900	
2.543167	
2.589333	
2.277500	
2.589367	
2.389967	
2.738833	
2.606000	
2.580367	
1.935700	
2.217333	
1.919733	
2.323833	
2.139833	
2.402067	
1.917667	
2.243800	
2.184767	
2.290567	
2.831033	
2.641167	
2.547300	
2.850933	
1.961667	
1.832467	
1.869167	
2.065900	
2.056467	
2.139233	
2.046200	
2.278633	
1.940067	
2.417367	
2.073867	
2.380767	
2.242033	
2.491333	
1.907700	
1.984567	
2.066467	
2.381633	
2.133167	
2.007733	
2.157133	
2.258167	
2.292033	
2.211033	
2.072067	
2.398900	
2.229367	
2.426067	
2.514533	
1.744200	
1.861700	
1.982567	
1.716833	
1.708433	
1.694667	
1.986567	
1.774333	
1.922800	
2.043433	
2.028767	
1.734433	
2.151167	
1.837067	
1.893467	
1.894233	
1.767133	
1.739033	
1.948967	
1.851533	
2.012300	
1.905100	
1.948900	
1.712867	
1.784967	
1.983133	
1.884733	
1.693600	
1.655633	
1.817133	
1.253433	
1.250100	
1.271733	
1.302100	
1.202900	
1.266433	
1.240633	
1.203200	
1.231733	
1.234600	
1.225167	
1.206567	
1.184667	
1.170900	
1.275333	
1.185067	
1.229367	
1.158767	
1.170367	
1.217800	
1.225567	
1.223867	
1.229700	
1.249400	
1.217767	
1.141233	
1.153433	
1.207600	
1.188500	
1.169467	
3.240000	
3.176000	
3.183000	
3.241000	
3.327000	
3.384000	
3.117000	
3.353000	
3.453000	
3.089000	
3.043000	
3.137000	
2.743767	
2.693833	
2.558467	
2.634967	
2.793067	
2.719767	
2.901033	
2.943667	
2.549167	
2.805000	
2.580267	
3.030500	
2.653833	
2.894833	
2.251533	
2.196000	
2.141600	
2.121233	
2.299633	
2.446800	
2.848333	
2.525400	
2.898100	
2.937833	
2.988567	
2.336433	
2.349600	
2.192100	
2.050433	
2.415500	
2.389500	
2.563133	
2.393400	
2.483633	
2.912267	
2.533367	
2.448333	
2.768133	
2.800000	
2.743733	
2.386467	
2.378967	
2.405200	
2.325567	
2.641800	
2.934067	
2.624633	
3.007800	
2.023700	
1.759900	
1.839267	
1.900233	
2.177200	
2.100967	
2.400600	
2.361367	
2.589033	
2.360533	
2.141633	
2.719300	
2.193267	
2.506500	
2.115400	
2.391233	
2.575300	
2.800900	
1.964367	
2.052367	
2.365500	
2.460533	
2.239500	
2.356933	
2.420167	
2.370733	
2.692167	
2.152500	
2.582367	
2.336900	
2.512100	
2.585033	
1.816200	
1.997200	
1.964533	
1.808400	
1.768633	
1.827133	
2.091767	
1.902000	
2.325133	
2.149967	
2.040800	
2.206067	
2.034700	
2.378733	
2.662333	
2.204433	
1.755400	
1.743900	
2.182867	
1.868133	
1.741800	
1.925667	
1.919900	
1.991400	
1.950133	
1.914367	
2.075200	
1.958567	
2.257067	
1.918733	
1.701433	
1.643200	
1.681033	
1.838333	
1.812500	
1.783067	
1.225433	
1.248400	
1.215300	
1.250033	
1.302267	
1.235333	
1.278633	
1.258733	
1.386367	
1.266600	
1.308767	
1.181667	
1.197167	
1.212467	
1.205267	
1.215900	
1.196133	
1.201900	
1.305600	
1.202700	
1.175967	
1.247133	
1.198233	
1.258233	
1.248400	
1.222167	
1.195800	
1.215767	
1.210633	
1.210400	
1.124300	
1.155833	
1.183200	
1.140700	
1.155767	
1.215000	
1.180900	
1.209333	
1.234500	
1.232267	
3.240000	
3.176000	
3.183000	
3.241000	
3.327000	
3.384000	
3.146000	
3.117000	
3.353000	
3.453000	
3.089000	
3.159000	
3.274000	
3.043000	
2.808867	
2.648033	
2.610200	
2.917033	
2.759867	
2.606767	
3.023633	
3.054433	
3.061867	
2.769000	
3.077100	
3.049967	
2.748633	
2.697433	
2.704267	
2.819667	
2.789967	
2.239200	
2.107067	
2.222567	
2.339700	
2.375133	
2.863400	
3.117600	
3.048533	
2.945233	
2.995133	
3.067500	
2.348733	
2.501400	
2.183333	
2.192067	
2.364667	
2.669400	
2.588033	
2.583367	
2.621067	
2.632333	
2.600667	
2.902233	
2.702433	
2.943800	
2.997967	
2.048600	
2.449433	
2.167800	
1.808167	
2.235933	
2.431000	
2.465867	
2.627967	
2.345067	
2.421533	
2.551600	
2.635667	
3.202200	
2.850467	
3.163500	
1.998167	
2.008767	
2.192767	
2.278467	
2.480967	
2.505567	
2.190633	
2.170833	
2.734000	
2.725200	
2.941033	
2.584733	
2.058233	
1.944400	
1.958100	
1.921667	
2.493067	
2.324767	
2.641967	
2.430900	
2.626333	
2.399533	
2.346900	
2.650433	
2.678367	
1.769167	
1.940267	
1.788533	
1.872000	
2.202733	
2.392167	
2.079533	
2.337767	
2.280567	
2.232800	
2.350267	
2.341167	
2.142167	
2.100467	
1.719567	
2.076200	
1.855033	
1.794267	
1.904500	
2.078833	
2.017667	
2.146767	
2.290700	
1.970167	
1.915567	
1.613433	
1.549967	
1.638400	
1.772667	
1.888300	
1.929433	
1.280767	
1.242233	
1.273833	
1.279100	
1.263800	
1.400267	
1.301733	
1.407033	
1.168800	
1.165967	
1.210367	
1.195367	
1.203100	
1.203567	
1.288600	
1.214633	
1.233100	
1.238200	
1.193700	
1.312800	
1.314433	
1.291200	
1.262833	
1.200133	
1.183300	
1.177567	
1.181000	
1.187167	
1.214367	
1.133000	
1.161667	
1.196900	
1.187200	
1.197233	
1.213133	
1.226333	
1.243767	
1.285867	
3.262000	
3.124000	
3.303000	
3.154000	
3.004000	
3.236000	
3.223000	
3.397000	
3.041000	
3.098000	
3.176000	
3.191000	
3.154000	
3.002000	
3.078000	
2.632833	
2.578867	
2.451900	
2.506000	
2.640333	
2.507567	
2.686367	
2.470367	
2.872867	
2.755300	
2.501067	
2.980000	
2.548433	
2.571233	
2.654133	
2.199133	
2.070300	
2.129600	
2.446633	
2.169367	
2.214600	
2.650333	
2.232567	
2.848133	
2.682000	
2.515667	
2.695867	
2.610233	
2.417767	
2.873867	
2.697100	
2.950267	
2.204167	
2.345067	
2.118667	
2.019667	
2.265067	
2.371133	
2.149100	
2.189933	
2.568600	
2.279267	
2.363400	
2.281000	
2.648767	
2.640367	
2.502567	
1.941433	
1.926233	
1.698367	
2.257900	
1.928200	
2.195800	
2.152767	
2.120767	
2.167567	
2.561567	
2.880000	
2.458033	
2.493433	
2.408700	
2.835200	
1.841967	
1.773133	
1.767433	
1.982500	
2.093800	
2.168133	
2.160900	
1.989033	
2.319667	
2.349333	
1.994967	
2.132600	
2.393767	
2.443267	
1.917033	
1.852267	
1.932033	
1.693967	
2.118000	
2.309333	
2.258067	
2.105000	
2.178133	
2.202167	
2.330267	
2.127500	
2.494167	
1.749267	
1.810400	
1.708100	
1.668900	
1.947300	
1.765067	
2.185567	
1.759067	
2.133167	
2.034200	
1.858733	
1.951633	
2.303433	
1.789567	
1.802767	
2.144867	
1.831300	
1.938533	
1.860267	
1.746300	
1.837833	
1.993933	
1.923433	
1.993667	
1.893433	
1.701867	
2.062533	
1.913667	
1.676167	
1.487033	
1.662467	
1.593933	
1.880933	
1.753067	
1.767967	
1.233767	
1.254800	
1.231800	
1.200333	
1.268500	
1.180967	
1.213600	
1.232367	
1.209967	
1.204333	
1.180767	
1.273900	
1.190800	
1.175567	
1.219333	
1.169233	
1.204533	
1.195767	
1.162667	
1.278967	
1.192733	
1.219367	
1.244467	
1.206867	
1.236400	
1.156267	
1.196200	
1.156467	
1.140233	
1.220667	
1.163433	
1.155900	
1.193467	
1.178867	
1.193400	
3.262000	
3.203000	
3.124000	
3.180000	
3.315000	
3.154000	
3.004000	
3.236000	
3.397000	
3.041000	
3.098000	
3.176000	
3.191000	
3.078000	
3.076000	
2.786467	
2.673300	
2.598733	
2.667000	
2.735767	
2.884933	
2.619567	
2.551933	
2.933767	
2.646033	
2.829167	
2.722867	
2.804967	
2.252533	
2.096867	
2.299833	
2.857967	
2.539067	
2.820000	
2.922400	
2.625567	
2.698867	
2.995800	
2.849033	
2.278500	
2.098167	
2.073067	
2.414733	
2.547500	
2.947733	
2.306833	
2.475967	
2.843267	
2.422333	
2.340500	
2.740367	
2.744033	
2.839233	
1.754033	
2.137800	
2.367567	
2.217033	
2.399267	
2.168267	
2.289200	
2.220167	
2.342533	
2.231733	
2.795867	
2.553300	
2.697633	
2.960400	
2.003733	
1.806200	
1.726900	
2.115167	
2.400933	
2.595200	
2.459467	
2.143500	
2.640267	
2.112533	
2.531100	
2.245433	
2.381533	
1.926633	
1.959800	
1.744667	
2.250667	
2.360800	
2.389567	
2.179600	
2.266967	
2.376700	
2.425233	
2.454200	
2.582500	
2.428400	
2.370567	
1.817500	
1.815733	
1.928633	
1.719967	
1.637533	
1.935300	
1.891033	
2.114867	
1.876633	
2.136900	
2.197400	
2.072933	
2.012700	
2.299333	
2.725633	
2.263533	
2.064500	
2.228967	
2.111267	
1.858167	
1.693100	
1.945300	
1.794067	
1.911367	
2.006900	
1.993867	
1.966800	
2.148733	
2.049000	
1.850400	
2.082933	
1.848967	
1.683133	
1.582633	
1.574200	
1.621867	
1.916067	
1.256167	
1.212400	
1.285833	
1.255567	
1.285433	
1.340400	
1.269300	
1.354100	
1.265400	
1.190067	
1.201167	
1.188467	
1.178867	
1.205933	
1.198700	
1.221600	
1.187300	
1.299533	
1.171767	
1.234833	
1.234767	
1.192633	
1.240333	
1.202700	
1.231333	
1.209633	
1.207333	
1.226467	
1.125733	
1.144167	
1.196033	
1.241233	
1.185567	
1.205667	
1.214533	
1.215067	
1.219733	
3.203000	
3.124000	
3.303000	
3.315000	
3.004000	
3.236000	
3.223000	
3.397000	
3.041000	
3.176000	
3.191000	
3.154000	
3.002000	
3.093000	
2.690567	
2.888400	
2.607233	
2.952700	
2.941767	
3.076200	
2.975133	
3.044000	
2.631100	
2.722367	
2.759700	
2.751300	
2.315167	
2.119000	
2.196433	
2.531867	
2.451067	
2.886567	
2.566733	
2.794333	
2.955567	
3.102367	
3.072167	
2.985333	
2.921200	
3.006933	
2.916700	
2.352200	
2.489967	
2.377567	
2.625467	
2.558367	
2.483833	
2.756800	
2.607400	
2.815033	
2.572500	
2.675633	
2.737400	
2.053700	
2.388833	
2.136633	
2.218333	
2.663800	
2.281533	
2.630933	
2.328600	
2.316700	
2.342367	
2.424867	
2.465767	
2.815667	
3.187967	
2.860000	
3.066967	
1.998733	
2.021067	
1.882067	
2.230200	
2.249133	
2.399800	
2.589667	
2.424633	
2.285300	
2.397333	
2.057933	
2.799933	
2.448767	
2.578700	
1.994433	
1.920900	
1.967433	
1.809533	
2.306233	
2.496267	
2.386933	
2.513033	
2.520967	
2.613500	
2.386067	
2.284767	
2.522867	
2.680700	
2.509333	
2.626467	
2.740333	
2.125567	
1.847100	
2.210767	
2.216000	
2.462567	
2.047967	
1.697667	
1.792333	
2.045900	
1.742867	
2.117367	
2.024867	
1.837133	
1.763433	
2.032533	
2.153533	
2.093367	
1.980700	
1.990200	
2.129533	
1.601067	
1.537033	
1.637500	
1.796067	
1.900833	
1.842933	
1.908967	
1.298400	
1.264333	
1.278200	
1.298133	
1.311667	
1.332667	
1.477100	
1.301333	
1.453767	
1.393200	
1.179267	
1.166533	
1.206567	
1.225967	
1.197800	
1.204300	
1.190367	
1.237167	
1.266433	
1.289933	
1.215700	
1.180933	
1.177600	
1.193367	
1.216200	
1.133267	
1.160067	
1.181900	
1.143067	
1.157367	
1.194767	
1.222633	
1.213633	
1.246000	
1.265200	
1.253267	
3.266000	
3.418000	
3.184000	
3.301000	
3.285000	
3.461000	
3.156000	
3.239000	
3.242000	
3.138000	
3.234000	
2.778600	
2.790600	
2.718100	
2.917333	
2.944200	
3.033167	
3.017367	
2.937600	
2.618167	
2.937733	
2.981967	
2.905967	
2.924633	
2.898367	
2.948267	
2.383300	
2.332533	
2.491800	
2.525133	
2.462067	
2.715333	
2.655600	
2.718933	
2.713333	
2.611200	
2.629633	
2.555200	
2.902733	
2.898967	
2.955100	
2.625133	
2.443833	
2.532133	
2.361533	
2.616567	
2.922867	
2.301967	
2.460367	
2.582333	
2.775933	
2.347267	
2.754233	
2.406767	
2.133167	
2.526600	
2.512667	
2.220033	
2.332600	
2.166833	
2.198933	
2.396133	
2.753733	
2.988500	
2.405500	
2.201433	
2.148367	
2.157200	
2.262400	
2.264233	
2.278867	
2.180567	
2.185500	
2.076133	
2.324300	
2.228200	
2.294533	
2.160500	
2.226933	
2.314100	
2.213200	
2.414433	
2.341467	
2.347267	
2.450000	
2.185967	
2.157300	
2.297733	
2.289333	
2.265367	
2.261933	
2.063133	
2.432133	
2.341033	
2.086967	
1.817433	
2.095433	
2.023900	
2.233333	
1.937467	
2.136267	
2.194567	
2.308400	
2.304633	
2.238167	
2.072567	
1.965700	
2.096833	
2.317700	
2.644233	
2.295333	
2.060533	
1.891267	
1.798200	
1.852100	
2.077867	
1.960300	
1.886833	
1.846267	
1.669567	
1.691767	
2.034567	
2.234133	
1.601867	
1.709767	
1.479633	
1.434300	
1.329667	
1.452100	
1.374733	
1.388867	
1.559967	
1.461833	
1.680367	
1.594667	
1.343433	
1.455767	
1.447867	
1.411867	
1.258633	
1.498267	
1.309167	
1.358067	
1.338433	
1.375600	
1.302067	
1.364267	
1.258867	
1.630100	
1.652767	
1.794467	
1.441367	
1.262900	
1.296433	
1.213967	
1.283533	
1.306533	
1.254333	
1.242833	
1.251033	
1.236267	
1.303867	
3.382000	
3.444000	
3.345000	
3.301000	
3.285000	
3.461000	
3.156000	
3.239000	
3.292000	
3.138000	
3.234000	
2.891533	
2.795867	
2.883133	
2.983100	
3.097833	
2.773233	
2.912000	
3.060667	
2.852967	
2.968100	
2.919133	
2.948867	
2.560533	
2.456400	
2.551433	
2.495600	
2.453667	
2.717900	
2.543067	
2.929300	
2.910467	
2.661600	
3.096167	
2.763233	
2.821000	
2.967233	
3.128233	
2.714467	
2.734433	
2.437467	
2.454467	
2.585767	
2.416100	
2.329367	
2.728333	
2.653000	
2.392933	
2.814100	
2.415800	
2.319367	
2.720133	
2.066433	
2.605833	
2.686633	
2.426100	
2.388567	
2.466133	
2.405500	
2.725400	
2.613933	
2.536800	
2.628233	
2.276700	
2.042600	
2.157333	
2.082367	
2.362067	
2.217900	
2.385067	
2.158733	
2.278467	
2.441267	
2.169733	
2.117100	
2.564333	
2.609633	
2.242767	
2.415733	
2.646267	
2.731533	
2.190300	
1.970267	
2.267900	
2.464933	
2.088133	
2.058600	
2.260767	
2.359467	
2.407467	
2.362200	
2.071867	
2.240333	
2.542900	
2.327433	
2.699100	
1.945000	
1.840000	
1.949433	
1.952800	
2.313333	
1.930900	
2.098200	
1.984900	
2.254000	
2.148367	
2.108200	
1.938133	
2.085767	
2.386867	
2.046833	
1.930300	
1.862300	
1.832567	
1.854367	
1.844467	
1.778900	
2.105467	
2.101267	
1.999000	
1.835533	
2.073733	
2.123767	
1.963500	
1.856533	
1.629833	
1.825967	
1.734100	
1.418467	
1.336267	
1.358767	
1.501500	
1.349667	
1.313600	
1.475767	
1.573833	
1.360733	
1.395600	
1.379267	
1.391100	
1.459200	
1.443500	
1.315667	
1.332167	
1.330100	
1.288800	
1.255433	
1.359067	
1.408567	
1.367433	
1.289967	
1.511467	
1.480867	
1.556267	
1.429333	
1.320633	
1.303600	
1.187633	
1.264000	
1.280967	
1.250433	
1.184967	
1.235100	
1.293567	
1.259933	
1.232367	
1.290300	
1.379100	
3.295000	
3.484000	
3.418000	
3.345000	
3.301000	
3.156000	
3.119000	
3.264000	
3.242000	
3.138000	
3.234000	
2.755133	
2.682567	
3.040033	
2.940333	
2.748700	
3.150400	
3.090400	
2.978700	
2.687967	
2.943867	
3.019367	
2.903433	
3.018800	
2.392433	
2.248833	
2.374333	
2.701267	
2.624867	
2.766200	
2.926667	
2.851500	
2.748467	
2.908733	
2.909300	
2.980867	
2.871200	
3.042433	
2.468067	
2.378633	
2.300467	
2.398800	
2.367933	
2.723767	
2.726033	
3.023233	
2.296567	
2.519600	
2.801033	
2.777667	
2.740800	
2.775500	
2.895033	
2.795633	
2.611367	
2.316200	
1.890500	
2.748333	
2.575167	
2.516833	
2.445400	
2.405700	
2.321900	
2.293100	
2.569400	
2.733233	
3.272667	
2.747633	
2.848233	
2.567367	
2.910133	
2.030233	
2.016533	
1.962100	
2.411567	
2.299600	
2.383667	
2.406900	
2.436933	
2.246267	
2.243967	
2.605467	
2.411467	
2.581200	
2.235267	
2.546667	
2.770600	
2.076100	
2.073300	
2.046200	
1.888433	
2.314433	
2.563200	
2.485633	
2.064700	
2.160700	
2.485400	
2.395500	
2.432333	
2.110567	
2.868633	
2.594500	
2.012567	
1.946867	
1.715167	
1.817067	
1.955300	
2.241133	
1.990967	
2.479200	
2.554233	
2.398400	
2.416433	
1.804600	
1.870700	
1.713200	
1.629600	
1.979033	
1.989833	
1.928167	
1.892800	
1.806100	
2.245733	
2.133867	
2.028833	
2.242433	
2.030933	
2.005933	
2.080700	
2.559033	
1.733933	
1.579400	
1.497667	
1.581900	
1.823433	
1.878267	
1.477967	
1.310267	
1.467167	
1.484600	
1.488367	
1.612233	
1.503000	
1.635300	
1.464433	
1.242233	
1.260700	
1.266500	
1.280700	
1.336433	
1.277900	
1.334133	
1.240400	
1.306367	
1.277333	
1.411067	
1.374133	
1.425133	
1.504433	
1.425233	
1.438133	
1.300533	
1.316400	
1.318933	
1.259233	
1.271167	
1.177433	
1.217567	
1.318600	
1.268933	
1.190000	
1.254267	
1.362200	
1.369433	
1.423300	
3.361000	
3.435000	
3.394000	
3.570000	
3.500000	
3.256000	
3.373000	
3.508000	
3.250000	
3.262000	
3.322000	
3.352000	
3.189000	
3.310000	
3.302000	
2.988500	
2.818900	
2.783667	
2.947633	
3.064767	
2.819167	
3.031300	
2.911333	
3.052267	
2.997000	
2.895400	
2.969233	
2.938767	
2.867033	
2.900167	
3.018433	
2.591667	
2.437100	
2.302733	
2.553633	
2.608533	
2.432800	
2.728467	
2.610367	
2.805133	
2.596033	
2.759967	
2.652100	
2.841133	
2.892133	
3.012667	
2.703033	
2.665667	
2.551267	
2.497567	
2.375467	
2.778333	
2.544300	
2.812767	
2.736533	
2.533733	
2.627567	
2.726567	
2.452567	
2.585567	
2.694400	
2.491267	
2.369500	
2.694100	
2.478867	
2.142200	
2.593767	
2.387567	
2.405900	
2.317100	
2.221100	
2.342833	
2.822200	
2.923600	
2.568133	
2.216667	
2.162767	
2.193567	
2.390867	
2.345500	
2.345867	
2.440033	
2.117867	
2.314200	
2.438500	
2.311533	
2.345300	
2.297900	
2.289800	
2.291367	
2.030500	
2.212967	
2.407067	
2.043200	
2.084267	
2.317800	
2.238933	
2.330833	
2.389167	
2.267167	
2.412633	
2.081867	
2.522633	
2.424300	
2.210367	
2.298133	
1.921733	
2.223900	
1.934933	
2.252567	
2.043900	
2.193533	
2.206800	
1.997967	
1.928633	
2.184800	
2.056367	
2.367433	
2.665267	
2.323100	
1.828133	
2.094500	
1.954033	
1.913933	
1.939767	
1.813600	
1.957267	
2.023900	
1.906367	
1.961533	
1.931633	
1.907167	
1.752600	
1.720733	
1.916533	
1.603967	
2.120133	
1.718200	
1.920667	
1.940900	
1.413500	
1.363767	
1.414833	
1.385600	
1.387467	
1.374933	
1.420033	
1.505567	
1.359000	
1.496167	
1.328333	
1.542900	
1.490567	
1.606700	
1.351633	
1.452667	
1.266667	
1.468633	
1.316833	
1.324567	
1.359667	
1.315200	
1.292800	
1.313000	
1.331200	
1.289367	
1.640367	
1.827267	
1.396900	
1.247833	
1.334900	
1.345133	
1.304667	
1.226733	
1.284933	
1.262000	
1.274467	
1.257867	
1.245400	
1.250300	
1.265367	
1.339667	
3.435000	
3.394000	
3.570000	
3.477000	
3.500000	
3.256000	
3.508000	
3.262000	
3.189000	
3.315000	
3.310000	
3.195000	
3.302000	
3.095200	
2.852100	
2.866933	
3.017167	
2.981300	
2.891933	
2.857000	
3.091333	
3.059000	
2.639800	
3.136067	
2.946667	
2.970700	
2.471100	
2.376133	
2.488533	
2.621100	
2.442500	
2.333167	
2.901367	
3.026200	
2.955167	
2.677867	
2.862267	
2.756367	
2.628267	
3.178733	
2.926400	
2.984567	
2.976667	
2.687533	
2.737833	
2.562967	
2.471000	
2.598367	
2.370500	
2.658567	
2.572967	
3.033000	
2.321600	
2.927333	
2.801267	
2.613133	
2.779500	
2.788267	
2.567300	
2.734733	
2.365133	
2.453333	
2.094600	
2.714433	
2.494367	
2.620267	
2.492333	
2.379233	
2.619967	
3.170667	
2.603500	
2.614000	
2.968900	
2.072433	
2.112933	
2.358267	
2.432600	
2.308267	
2.110700	
2.345033	
2.467433	
2.550667	
2.357833	
2.529833	
2.369300	
2.281033	
2.147400	
2.077767	
2.339167	
2.390533	
2.051000	
2.050967	
2.410100	
2.410967	
2.588600	
2.163467	
2.145600	
2.360100	
2.656667	
2.660367	
2.710733	
1.921100	
2.286567	
2.194400	
1.807200	
1.874200	
1.995000	
1.944833	
2.357167	
1.866200	
2.234600	
2.094433	
2.013667	
2.306667	
2.361200	
2.363933	
2.367267	
1.969633	
2.058533	
2.548500	
1.740600	
1.913967	
1.938000	
1.921833	
1.941100	
1.948300	
1.790633	
1.713167	
2.000100	
2.068733	
1.967767	
1.682700	
1.885333	
1.424600	
1.424200	
1.319433	
1.443300	
1.357667	
1.353233	
1.438000	
1.479433	
1.409067	
1.445500	
1.317400	
1.352900	
1.330767	
1.235667	
1.274267	
1.368467	
1.387367	
1.299400	
1.367533	
1.307500	
1.414700	
1.401200	
1.294300	
1.514933	
1.490233	
1.440400	
1.322733	
1.190167	
1.254333	
1.238100	
1.264567	
1.240067	
1.331633	
1.314967	
1.366933	
3.361000	
3.394000	
3.570000	
3.500000	
3.401000	
3.373000	
3.380000	
3.250000	
3.352000	
3.189000	
3.315000	
3.310000	
3.195000	
3.302000	
2.948867	
2.886433	
2.801733	
3.019567	
3.187533	
2.854533	
3.098567	
3.050033	
2.738933	
3.014833	
3.078133	
3.132700	
2.305400	
2.365800	
2.570367	
2.727033	
2.595633	
2.537833	
3.078867	
2.879433	
3.128400	
2.932567	
3.195933	
3.029600	
2.883167	
2.989333	
2.637967	
2.691800	
2.463767	
2.356900	
2.697000	
2.683300	
2.770933	
2.373433	
2.526200	
2.982500	
2.671400	
2.768833	
2.861933	
2.694000	
2.290933	
2.810833	
2.672133	
2.383533	
2.659900	
2.412033	
2.383267	
2.492733	
2.286933	
2.707433	
2.854267	
3.087000	
2.147167	
1.984333	
2.061567	
2.105833	
2.184200	
2.333133	
2.017633	
2.521633	
2.195800	
2.789000	
2.409067	
2.618000	
2.620533	
2.083833	
2.090100	
2.644267	
2.302133	
2.194900	
2.668433	
2.558133	
2.373633	
2.691633	
2.328767	
2.605433	
2.601600	
2.726333	
1.722167	
2.114233	
1.764667	
1.772000	
2.212167	
2.045733	
2.420133	
2.327500	
2.251333	
2.212067	
2.434700	
2.327267	
2.611467	
2.295367	
2.307733	
2.618600	
1.753800	
1.840100	
2.218100	
2.023400	
2.031000	
1.959200	
1.918033	
1.872867	
2.066267	
2.059133	
2.300667	
1.790200	
2.396000	
1.587367	
1.499367	
1.677767	
1.739433	
1.963700	
1.483067	
1.328067	
1.392000	
1.404967	
1.405000	
1.481100	
1.672300	
1.628967	
1.242767	
1.264900	
1.297933	
1.287400	
1.331900	
1.316600	
1.218067	
1.468367	
1.292567	
1.314133	
1.388567	
1.369467	
1.458833	
1.470467	
1.353667	
1.301100	
1.337867	
1.229167	
1.289533	
1.273567	
1.230533	
1.297467	
1.241067	
1.248767	
1.288267	
1.323067	
1.246467	
1.348700	
1.465133	
