3.449000	
3.363000	
3.137000	
3.291000	
2.987000	
2.771000	
3.043000	
2.782000	
2.754000	
2.714000	
2.849000	
2.517000	
2.528000	
2.183000	
2.382000	
2.154000	
2.351000	
2.237000	
1.894000	
2.141000	
1.940000	
1.729000	
1.669000	
1.805000	
1.715000	
1.615000	
1.542000	
1.396000	
1.226000	
1.215000	
1.478000	
1.229000	
1.131000	
1.474000	
1.033000	
1.078000	
1.021000	
1.047000	
0.960000	
0.954000	
0.966000	
0.919000	
3.450000	
3.337000	
3.394000	
2.881000	
2.715000	
2.624000	
2.614000	
2.477000	
2.375000	
2.404000	
2.157000	
2.286000	
2.039000	
1.846000	
2.043000	
1.950000	
1.480000	
1.658000	
1.586000	
1.384000	
1.395000	
1.341000	
1.347000	
1.595000	
1.310000	
1.149000	
0.850000	
1.192000	
0.851000	
1.077000	
0.915000	
0.686000	
0.883000	
0.581000	
0.538000	
0.686000	
0.567000	
0.562000	
0.207000	
0.564000	
0.685000	
0.559000	
0.546000	
3.643000	
3.590000	
2.805000	
2.622000	
2.892000	
2.576000	
2.742000	
2.528000	
2.477000	
2.589000	
2.284000	
2.150000	
2.111000	
2.027000	
2.009000	
1.952000	
1.923000	
1.859000	
1.937000	
1.749000	
1.523000	
1.737000	
1.782000	
1.534000	
1.575000	
1.721000	
1.676000	
1.333000	
1.523000	
1.160000	
0.992000	
0.988000	
1.236000	
1.223000	
1.125000	
0.961000	
0.939000	
0.855000	
3.588000	
3.558000	
3.375000	
3.361000	
2.984000	
2.936000	
2.583000	
2.423000	
2.616000	
2.656000	
2.642000	
2.670000	
2.369000	
2.530000	
2.300000	
2.436000	
1.947000	
1.914000	
1.962000	
1.921000	
1.641000	
1.900000	
1.602000	
1.658000	
1.481000	
1.282000	
1.276000	
1.461000	
1.198000	
1.165000	
0.879000	
1.025000	
0.933000	
0.686000	
1.053000	
0.628000	
0.536000	
0.605000	
0.589000	
0.731000	
0.284000	
1.325000	
0.939000	
