42.042192	
43.253848	
43.011266	
37.807126	
42.659980	
44.517152	
31.382654	
42.823438	
41.777943	
44.425665	
41.112727	
42.842924	
44.894761	
41.932561	
42.458232	
42.595937	
45.223679	
46.786914	
40.388733	
42.216387	
45.495425	
44.380124	
43.707665	
43.639074	
44.820767	
44.446175	
44.783822	
43.988226	
42.809361	
43.575305	
46.874058	
44.166919	
45.879358	
43.147389	
45.584569	
45.729814	
44.653413	
27.667283	
44.308462	
45.951786	
42.439758	
44.487058	
44.664346	
45.851602	
43.380093	
46.929630	
45.345569	
8.833335	
43.515643	
47.397916	
28.894429	
45.562975	
45.546519	
45.737181	
43.861713	
45.122743	
44.441682	
45.735373	
44.535554	
42.159242	
46.276000	
45.388293	
44.511149	
43.577525	
46.436641	
46.197572	
43.890955	
45.623860	
44.994898	
44.902051	
44.363126	
46.384686	
45.201755	
46.966546	
47.169216	
46.338731	
45.928165	
45.272691	
46.241879	
47.807261	
44.597234	
29.719072	
46.683589	
45.977009	
46.899446	
46.673187	
45.402388	
45.402388	
46.376731	
45.473813	
47.500395	
46.288688	
46.635246	
47.346134	
45.868434	
46.747208	
46.174525	
46.566121	
46.956943	
46.079168	
46.337287	
45.234680	
44.496125	
44.496125	
46.646864	
48.069952	
46.764687	
46.909268	
47.495804	
46.807953	
45.073327	
47.478105	
47.794793	
48.069952	
47.018816	
47.599848	
47.481573	
46.503124	
48.069952	
48.069952	
47.628039	
47.237297	
46.626631	
45.269885	
46.385597	
47.524707	
46.554604	
46.923189	
47.490854	
47.445450	
45.956644	
47.424401	
48.069952	
45.128600	
36.502154	
40.505257	
39.326865	
37.486783	
36.512728	
37.895214	
36.030207	
36.030207	
34.953669	
35.497508	
34.373275	
36.979299	
33.536642	
35.645255	
35.290476	
36.140645	
36.917643	
34.653277	
36.204158	
38.908110	
37.206440	
27.465747	
36.995890	
36.803030	
24.784768	
36.412724	
33.971899	
40.947784	
34.211724	
31.588094	
39.232652	
39.232652	
38.421716	
38.421716	
37.785638	
8.833335	
8.833335	
40.573583	
36.811591	
39.234406	
41.220536	
38.663771	
36.285614	
36.666985	
38.442326	
36.089207	
38.029996	
39.066454	
38.776107	
38.140197	
37.524441	
37.524441	
36.918613	
39.351737	
41.995129	
41.243088	
39.489492	
42.788973	
40.728641	
42.278246	
38.770349	
38.916913	
8.833335	
37.407619	
40.539073	
39.477432	
41.349672	
41.072074	
41.072074	
40.749722	
42.112599	
43.024926	
39.466339	
43.144216	
41.483860	
41.775671	
38.947190	
39.622493	
38.712021	
38.712021	
39.757490	
40.177138	
41.511036	
39.622727	
39.773930	
40.701310	
37.038973	
37.323614	
41.389730	
42.513920	
39.185483	
43.621744	
42.280744	
43.432546	
44.602882	
43.153079	
42.055910	
41.131895	
41.586376	
42.122078	
42.375700	
40.816323	
40.875904	
41.394086	
43.280727	
44.638579	
41.229760	
43.928816	
43.132490	
39.285305	
41.466945	
44.904411	
42.038789	
41.425141	
40.855271	
41.030957	
41.822913	
45.409465	
46.317958	
46.962511	
44.096175	
46.009051	
47.362117	
47.079509	
43.317553	
46.314942	
43.471085	
45.973817	
46.675887	
45.205749	
46.570754	
42.672674	
45.225693	
46.271549	
44.312118	
47.827715	
14.608587	
43.335397	
43.677936	
44.198079	
44.198079	
46.915805	
28.708447	
31.019235	
29.758341	
8.833335	
28.362422	
28.882376	
31.454335	
22.501611	
8.833335	
27.766631	
30.630488	
31.696428	
31.385727	
30.622529	
20.578174	
32.521094	
21.307140	
19.297727	
29.690190	
29.080938	
28.974627	
33.383493	
33.383493	
30.288848	
30.808479	
31.391085	
30.162062	
31.159091	
33.120086	
36.557741	
35.611035	
35.097056	
8.833335	
32.006378	
31.020903	
13.475319	
35.207005	
32.658364	
33.483601	
33.668513	
35.663833	
34.047818	
34.734090	
31.508722	
30.966935	
34.021753	
31.348710	
30.925302	
30.556225	
32.793178	
30.874084	
24.340669	
33.698081	
32.833608	
32.563477	
36.163575	
8.833335	
38.668671	
36.966940	
35.204244	
35.951022	
35.153359	
36.852246	
23.116734	
8.833335	
39.464895	
35.521918	
32.937712	
35.778120	
35.989218	
34.156325	
40.656526	
36.435848	
29.201495	
36.648246	
36.590284	
36.630449	
34.744119	
36.097827	
37.911281	
35.645797	
37.191370	
33.920009	
8.833335	
37.338968	
38.198315	
38.459648	
41.653993	
38.835877	
38.845839	
42.360882	
39.807909	
41.083035	
42.359203	
36.479180	
39.829191	
38.229666	
39.743855	
7.086602	
37.656125	
42.891566	
37.891535	
36.712795	
36.712795	
37.169421	
35.699057	
39.015311	
39.729461	
39.298415	
36.683061	
42.497278	
36.568329	
41.288775	
35.132652	
45.022945	
41.947952	
43.832856	
43.579355	
41.951105	
45.100213	
44.450195	
44.450195	
41.756661	
46.120187	
42.983650	
42.204112	
41.249975	
44.203012	
43.562372	
17.259313	
43.807337	
44.677602	
45.270423	
40.525987	
43.669875	
45.218294	
42.029885	
40.899089	
45.278024	
44.029957	
41.800462	
44.221482	
42.654549	
44.817508	
44.817508	
8.833335	
21.942243	
27.646905	
25.834492	
27.497583	
15.850369	
15.737108	
26.385308	
8.833335	
8.833335	
24.885593	
24.885593	
27.207567	
27.287616	
30.850117	
28.735455	
26.928402	
26.928402	
8.833335	
26.851093	
24.204621	
28.430275	
27.896653	
8.833335	
26.416849	
25.876080	
24.666941	
15.307765	
8.833335	
31.493823	
28.283275	
27.427134	
29.832691	
28.590125	
30.671704	
30.461274	
28.767218	
28.119465	
28.838532	
15.010901	
19.838615	
28.272373	
31.446635	
19.419282	
25.532776	
29.014605	
28.100894	
27.553403	
29.787130	
29.214905	
29.332073	
29.619320	
27.741020	
31.352678	
27.817658	
8.833335	
8.833335	
29.130641	
30.146623	
29.553859	
32.038530	
32.038530	
32.580232	
32.789872	
8.833335	
32.356831	
29.746151	
8.833335	
31.367587	
28.172917	
26.978325	
34.548650	
31.973297	
30.029074	
30.029074	
30.830927	
33.010159	
8.833335	
31.200583	
30.764477	
30.051458	
28.526307	
30.940955	
30.109883	
33.408352	
32.231085	
30.255329	
32.924219	
35.162739	
27.823595	
35.843632	
32.831581	
36.110685	
34.266612	
34.630361	
39.177829	
8.833335	
32.908201	
26.563757	
36.959223	
35.931492	
32.196328	
32.885900	
33.272217	
35.305464	
32.757014	
35.706917	
35.105527	
38.173709	
36.272603	
32.695666	
36.876269	
36.876269	
37.118510	
37.118510	
38.735581	
35.931634	
38.340722	
36.409432	
33.332819	
36.570999	
8.833335	
42.722327	
42.609132	
41.649051	
41.649051	
41.976761	
42.211646	
43.887427	
43.887427	
42.918237	
41.411630	
41.411630	
38.581975	
41.689351	
43.660690	
39.373691	
41.374421	
42.995451	
42.692271	
43.169770	
42.352239	
42.352239	
42.046318	
41.867786	
43.793256	
38.946346	
42.689969	
45.263669	
43.594595	
41.115509	
37.849229	
43.714453	
35.100759	
43.834165	
37.852439	
42.458276	
21.511205	
16.542565	
22.242585	
20.806995	
23.670476	
23.670476	
21.976735	
21.976735	
19.878725	
8.833335	
8.833335	
8.833335	
8.833335	
17.575892	
24.617776	
24.617776	
24.333478	
26.473492	
21.819381	
8.833335	
21.049319	
22.913198	
24.164574	
21.460986	
22.045119	
16.125250	
24.493495	
22.738001	
22.738001	
17.013192	
24.940281	
28.729890	
17.232096	
25.505970	
25.844196	
27.316166	
23.428874	
23.428874	
21.921200	
25.998490	
25.823826	
24.144927	
26.665112	
27.086622	
24.155272	
26.240463	
27.901583	
28.196215	
8.833335	
24.623009	
25.280002	
25.882193	
25.882193	
25.882193	
25.499125	
29.120114	
29.120114	
29.462365	
29.462365	
20.607825	
29.963323	
26.281921	
27.680701	
28.366825	
27.022766	
28.427606	
29.727765	
29.727765	
28.029313	
28.044770	
11.877977	
27.919526	
26.671573	
8.833335	
26.189745	
26.615424	
29.653356	
30.198707	
29.540647	
29.149501	
28.679395	
29.230179	
23.401588	
30.684748	
34.193500	
33.034547	
32.057345	
33.629836	
35.071180	
35.119838	
31.981038	
7.086602	
34.995908	
31.625186	
31.625186	
22.196066	
32.003473	
32.003473	
34.723695	
35.298830	
35.298830	
31.922503	
32.892405	
8.833335	
33.765980	
8.833335	
8.833335	
8.833335	
37.555184	
34.092969	
35.888516	
31.741703	
32.321643	
33.448390	
31.687979	
40.793935	
39.250443	
40.618721	
26.738757	
41.968412	
37.927891	
38.210012	
39.270675	
37.903726	
37.677824	
37.799812	
43.209325	
35.191689	
41.898695	
41.053221	
41.053221	
41.395010	
36.340010	
41.208761	
42.558758	
40.861008	
40.558501	
37.773959	
40.719410	
41.317814	
40.232984	
42.167544	
38.584677	
40.515205	
36.839237	
36.839237	
20.037425	
23.346903	
15.887098	
9.941249	
19.030442	
19.030442	
15.299141	
18.892690	
18.673634	
18.198258	
18.985996	
20.052790	
22.472949	
15.169205	
18.000752	
18.000752	
21.033655	
20.784028	
13.598939	
13.598939	
20.970693	
21.431475	
17.760387	
8.833335	
21.628538	
13.865725	
13.865725	
13.865725	
20.138687	
22.064666	
19.641396	
19.641396	
19.641396	
19.641396	
25.209462	
26.516543	
21.588038	
7.086602	
24.358574	
17.536851	
14.933730	
23.411992	
15.729748	
8.833335	
18.718195	
23.418857	
22.589642	
21.972607	
22.650346	
20.386933	
21.584701	
21.584701	
22.342252	
24.050037	
24.050037	
24.050037	
24.050037	
18.162637	
23.231595	
22.300012	
23.866203	
24.421372	
23.224506	
21.950893	
28.033206	
20.407430	
26.228396	
26.228396	
23.435563	
8.833335	
27.289417	
26.417005	
26.306405	
13.357991	
25.509801	
26.040237	
23.568151	
23.568151	
25.080852	
24.754164	
24.754164	
27.147220	
24.774170	
26.539376	
8.833335	
29.231028	
24.846800	
27.148853	
29.708994	
8.833335	
27.702155	
32.365213	
32.365213	
32.118940	
11.062785	
11.062785	
31.342041	
28.906287	
28.906287	
30.123253	
8.833335	
31.760284	
27.835534	
31.754482	
29.266726	
27.818788	
32.570917	
28.004767	
8.833335	
34.068360	
33.855625	
33.855625	
31.383643	
33.157745	
33.157745	
32.672546	
32.291322	
29.808477	
30.338039	
28.881144	
29.992970	
27.458658	
38.205179	
40.414575	
38.522956	
35.673035	
36.769446	
37.941865	
36.097672	
39.511175	
39.391538	
38.274920	
39.156823	
36.370944	
38.903329	
36.254445	
37.858421	
37.858421	
36.815749	
38.147248	
39.451519	
41.506811	
36.808664	
40.619275	
38.564515	
38.262534	
8.833335	
34.189294	
37.260690	
40.308826	
34.872986	
36.150728	
36.009383	
37.566978	
19.257521	
16.615499	
16.615499	
18.736432	
8.833335	
8.833335	
18.373647	
18.373647	
8.833335	
18.365453	
21.874832	
15.760126	
16.741678	
17.224350	
18.279454	
19.784953	
18.169037	
20.438495	
17.837860	
14.941202	
16.085018	
8.833335	
14.664795	
19.347865	
18.275845	
16.348312	
16.348312	
8.833335	
13.925162	
18.733523	
7.086600	
7.086600	
19.910786	
8.833335	
8.833335	
13.280156	
16.822656	
17.575950	
19.938855	
17.985580	
23.003092	
19.593556	
7.086602	
16.565931	
20.858022	
10.114430	
19.564951	
8.833335	
21.499480	
12.858798	
8.833335	
12.592215	
8.833335	
10.651830	
21.916414	
22.701212	
20.926107	
18.953976	
19.658833	
18.438866	
8.833335	
8.833335	
8.833335	
20.371361	
8.833335	
21.424747	
21.708816	
24.482685	
21.962936	
26.718806	
8.833335	
8.833335	
8.833335	
22.796744	
23.924483	
22.328578	
8.833335	
22.368032	
23.597762	
18.060049	
25.812769	
21.500805	
22.165963	
23.444702	
23.444702	
21.848967	
26.429044	
18.205731	
18.205731	
26.258165	
32.357232	
32.357232	
11.935430	
16.083055	
30.702689	
30.702689	
28.909674	
27.940325	
29.272678	
8.833335	
29.123990	
29.123990	
29.872860	
29.298837	
29.298837	
28.810723	
30.025005	
30.073337	
30.081651	
27.694214	
27.694214	
30.868772	
31.652156	
24.287414	
24.287414	
24.287414	
14.018940	
14.018940	
30.090572	
26.818292	
30.158329	
27.952706	
30.715765	
38.347992	
35.354342	
36.931685	
28.948559	
39.792378	
39.792378	
34.029355	
35.536244	
36.716705	
33.334020	
31.964279	
36.274768	
39.567859	
35.599391	
37.888703	
37.888703	
35.701587	
37.297291	
36.594537	
36.594537	
36.128294	
32.055401	
35.646251	
41.567551	
36.138635	
37.319651	
36.515989	
37.039433	
36.132987	
35.752966	
35.752966	
35.752966	
10.041698	
17.002921	
8.833335	
14.696301	
18.116057	
16.532388	
17.370002	
18.020269	
14.274325	
8.833335	
18.074073	
15.953057	
13.595635	
13.595635	
18.205386	
18.205386	
18.205386	
16.471981	
15.233553	
8.833335	
9.496116	
17.546970	
17.153644	
17.964505	
17.964505	
17.964505	
16.102538	
16.102538	
13.701757	
8.801619	
14.483994	
8.833335	
20.073640	
18.935220	
21.855233	
8.833335	
8.833335	
13.868753	
18.202778	
17.500656	
19.009477	
8.833335	
17.269043	
15.503597	
20.006901	
8.833335	
17.090762	
14.545512	
19.976567	
15.558923	
8.833335	
8.833335	
8.833335	
16.478299	
13.641343	
17.990049	
20.349721	
9.599889	
15.294289	
20.812827	
8.833335	
23.519319	
19.415586	
8.833335	
23.820146	
22.638762	
23.509059	
17.753705	
21.819774	
20.449752	
19.710419	
20.750179	
20.750179	
13.565724	
13.565724	
18.736568	
18.736568	
18.736568	
18.736568	
18.736568	
22.339731	
23.940917	
8.833335	
22.082170	
20.829071	
18.095385	
20.514337	
22.284814	
21.894820	
25.450552	
8.833335	
28.750558	
24.188125	
22.251236	
26.656755	
25.772743	
8.833335	
25.914308	
8.833335	
8.833335	
26.563525	
26.563525	
27.594263	
23.531729	
27.300921	
27.300921	
27.300921	
23.535508	
30.968730	
21.775781	
28.611452	
24.778244	
26.759663	
28.680480	
26.167182	
26.167182	
25.993422	
25.358584	
18.486705	
24.737011	
35.587375	
36.523997	
33.891865	
36.473500	
37.171929	
34.290918	
33.860020	
30.820975	
34.971905	
35.098292	
36.613693	
36.613693	
33.875256	
31.760492	
33.555429	
30.436116	
34.544294	
34.544294	
36.874773	
36.874773	
33.091741	
33.060372	
39.690878	
39.690878	
33.438674	
38.266840	
38.266840	
38.266840	
36.836853	
36.836853	
