1.17
1.09
1.25
1.20
1.59
1.53
1.72
1.66
2.53
2.14
2.53
2.52
3.06
2.91
3.08
3.19
3.53
3.64
3.52
3.47
4.06
4.16
4.09
3.64
4.30
4.22
4.23
3.77
3.17
3.34
3.25
3.16
4.13
4.28
3.95
3.69
3.25
3.28
3.39
3.27
3.11
3.28
3.16
2.86
3.59
3.31
3.42
2.91
4.38
4.27
3.92
3.75
2.80
2.94
2.78
3.03
3.50
3.72
3.56
3.23
1.64
1.23
2.14
1.17
2.48
2.66
3.05
2.75
2.87
2.70
3.28
2.11
3.62
3.58
3.44
3.25
2.59
2.59
2.50
2.25
3.39
3.25
3.19
2.95
2.08
2.30
2.48
2.38
3.41
3.31
3.72
3.14
3.41
3.73
4.05
3.55
2.39
2.41
2.88
2.86
1.77
2.17
2.28
2.03
3.30
3.42
3.58
3.41
3.37
3.00
3.41
3.05
2.33
2.17
2.31
1.80
3.05
3.00
2.84
2.70
2.83
2.63
2.55
2.19
4.47
4.33
4.23
3.84
4.14
4.61
4.09
4.05
4.59
4.20
4.14
3.81
4.09
4.28
4.09
3.81
4.23
4.47
4.31
4.20
4.36
4.41
3.83
3.73
4.14
4.25
4.19
3.78
4.27
4.27
4.08
3.75
3.03
3.28
3.27
3.00
3.22
3.48
3.16
3.22
4.06
4.08
3.95
4.00
3.28
3.17
3.22
3.17
3.69
3.28
3.63
3.44
3.06
2.78
3.16
2.92
3.09
3.05
2.84
2.81
3.67
3.05
3.64
3.41
3.14
3.41
3.17
2.78
3.20
3.20
3.14
3.31
3.94
4.03
4.00
3.56
2.66
2.97
3.16
3.05
3.47
3.38
3.41
3.83
2.78
2.95
2.33
2.92
2.44
1.81
2.87
2.44
3.45
3.23
2.78
3.44
3.06
2.58
2.59
3.23
2.50
2.73
3.14
2.91
3.88
3.33
2.63
2.86
2.91
2.84
3.00
3.97
2.89
3.37
2.83
3.84