39	2.767659	-22.681472	1.592331	2.381533	0.06552	2.60922	0.317135	3.105509	4.665906	4.718458	0.284259	12.096208	36.487435	10.401125	0.168725	0.056763	0.074125	40	6.466938	13.033898
41	2.64644	-26.912681	1.228606	2.475872	0.073468	2.552055	0.510894	3.791261	4.423824	3.581669	0.17874	10.529707	50.896332	10.467581	0.18502	0.035426	0.035426	40	6.129421	13.06383
58	0.426168	-27.805791	2.270391	2.096469	0.059952	2.109395	0.342033	5.084836	4.5803	5.490777	0.077893	12.139805	43.813039	13.291127	0.178909	0.018382	0.018382	40	6.209732	12.302521
78	0.663084	-23.158264	1.537538	2.365098	0.065981	2.401021	0.1216	15.562697	4.309626	5.05397	0.119809	11.392148	13.291078	12.001156	0.177153	0.053606	0.053606	40	5.986659	11.885496
42	1.956283	-23.423145	1.679052	2.948919	0.067556	2.586883	0.481412	1.71015	5.135007	4.482076	0.348382	14.923575	30.257263	11.869628	0.09329	0.113713	0.113713	40	7.448075	15.460465
40	0.505723	-28.018537	1.321517	2.619613	0.079474	2.760537	0.502938	1.548401	4.049282	3.672742	0.282512	13.95478	50.254943	12.021713	0.16678	0.061919	0.061919	40	7.051088	16.057348
60	0.379876	-23.598059	2.425216	2.452282	0.061238	2.247551	0.471229	2.692418	4.878469	4.046048	0.092568	14.608664	43.757737	14.586082	0.144617	0.077078	0.077078	40	6.804632	15.051383
73	0.405342	-24.385228	1.190126	2.342056	0.106971	2.429055	0.364412	4.857044	4.145936	5.119212	0.095906	13.933661	11.423669	10.154708	0.155916	0.068411	0.07528	40	6.211439	14.063745
43	0.346237	-23.575358	1.785699	3.28791	0.083825	2.747807	0.515388	1.887853	5.57726	5.155036	0.299987	18.710745	12.441718	13.361371	0.152015	0.072243	0.072243	40	8.268712	18.328889
43	0.516602	-28.208607	1.316072	2.788389	0.061138	2.928637	0.542833	1.466627	5.191792	3.280764	0.26321	17.981095	50.651657	14.10814	0.172935	0.053628	0.053628	40	7.661385	18.175182
58	0.496355	-23.667598	1.795984	2.499922	0.053866	2.560559	0.504712	2.588754	5.199654	4.647937	0.063516	17.908148	12.48788	15.465604	0.143017	0.076697	0.076697	17.500909	7.611139	16.981818
78	2.062798	-24.433785	2.073026	2.588977	0.077584	2.470052	0.448062	3.400973	4.317081	4.55347	0.103119	16.945046	38.202355	11.907446	0.180645	0.036319	0.036319	40	7.152275	16.536398
42	1.047533	-23.574233	2.280758	2.683265	0.047974	3.053748	0.39982	1.139331	5.67818	4.776034	0.340711	22.052634	37.47544	15.204837	0.171582	0.055274	0.055274	40	8.914801	20.808889
42	1.478501	-24.102801	1.191871	3.014123	0.079845	3.382758	0.533809	1.573849	6.096538	3.784342	0.165791	19.869437	50.726023	15.386427	0.182178	0.050416	0.050416	40	8.748559	20.561798
63	2.220334	-24.29344	2.411225	2.684333	0.062858	2.410007	0.593692	1.629113	5.329205	5.468419	0.086148	21.148915	41.725746	19.203522	0.177122	0.05204	0.05204	40	8.105105	19.514706
79	2.180099	-24.472873	1.395412	2.497447	0.068028	2.362397	0.402888	6.157531	4.316471	5.058192	0.207311	20.039068	36.420848	12.790715	0.180815	0.017914	0.017914	40	7.640123	17.820225
41	1.917225	-23.915305	2.516118	4.021888	0.074741	3.491283	0.443106	1.48357	6.010455	4.771146	0.251249	23.919923	36.99163	15.910834	0.156239	0.066466	0.066466	40	9.214058	22.25974
44	1.759153	-24.076868	1.462546	3.992382	0.08844	3.543086	0.585215	1.982689	6.916662	4.246333	0.240006	23.101103	11.559801	15.239845	0.159926	0.063024	0.075563	40	8.988267	21.975207
61	1.690752	-24.131244	1.761686	4.917402	0.069685	2.963822	0.527385	2.83645	4.95052	6.096205	0.114719	22.196062	43.133175	17.535222	0.179974	0.034929	0.034929	40	8.580018	20.468531
74	2.271887	-24.53564	1.357191	3.131051	0.079219	2.503017	0.36733	4.310942	4.028764	6.690981	0.262304	20.284524	32.125062	13.08153	0.164706	0.059667	0.059667	40	7.463036	18.747899
41	0.196862	-29.346619	1.984252	3.303113	0.068655	3.591238	0.376468	1.080651	6.112343	5.607546	0.348777	22.228352	48.595976	18.20804	0.182898	0.039408	0.039408	40	9.51349	23.57551
42	0.397674	-24.352339	0.88375	2.780567	0.097039	4.174765	0.519924	1.817036	6.288706	5.466077	0.131777	23.740237	11.089499	14.853301	0.178771	0.038253	0.038253	40	10.104311	24.15748
62	1.863829	-23.947952	2.170054	3.692607	0.048769	2.891871	0.563308	1.914258	5.18621	6.624477	0.270817	23.563705	33.617078	18.907511	0.17912	0	0	40	9.05303	22.129032
80	0.896511	-24.508808	1.433082	3.678407	0.072437	2.568782	0.356084	3.963833	4.505176	6.793539	0.426168	19.848207	11.764055	13.494848	0.171743	0.055969	0.055969	40	7.851679	18.39823
42	1.495021	-28.866921	2.219246	4.487348	0.080461	3.506368	0.494946	1.83725	6.259787	6.178842	0.311906	24.386273	49.549635	16.838756	0.18015	0.034262	0.034262	40	10.047383	24.84375
45	1.988048	-28.354803	1.915874	2.89498	0.06221	3.484996	0.538282	1.236202	6.23376	4.76517	0.318816	26.529564	49.438587	19.758268	0.173599	0.054862	0.054862	40	9.979607	24.268293
59	2.070995	-24.22033	1.845935	4.026772	0.056798	3.344385	0.517535	1.75764	5.346215	6.950777	0.157393	24.206946	43.813132	20.771909	0.174717	0.040085	0.040085	40	9.055439	22.240964
77	1.868937	-24.588596	1.106625	3.704422	0.08339	2.895997	0.458735	6.076315	4.515213	7.537905	0.423578	22.178226	28.342483	12.356289	0.179791	0.035508	0.035508	40	8.177414	19
41	2.319143	-24.503519	1.650993	3.175458	0.073616	3.113337	0.415538	2.297948	5.224651	5.147407	0.628161	21.483585	31.889799	12.616215	0.166292	0.060802	0.060802	40	9.104397	19.971292
41	1.935077	-24.862747	1.129277	3.199456	0.074128	3.370434	0.541109	1.436222	5.225742	3.765262	0.455674	23.214256	32.967142	13.098852	0.162783	0.063951	0.063951	40	9.365517	20.11236
62	0.439938	-24.728418	1.200114	3.396608	0.067083	3.182332	0.560452	2.498029	5.068013	4.632945	0.466861	23.520005	43.137128	16.265696	0.170182	0.056195	0.056195	40	8.628845	19.314815
76	0.567159	-30.627953	0.95133	3.09854	0.096828	2.910623	0.37569	5.794831	3.971084	4.704479	0.036829	19.193045	39.925113	10.91632	0.178983	0.053429	0.053429	40	7.818901	16.729323
42	2.210424	-24.072623	1.876461	2.942135	0.093742	3.879142	0.506859	1.424728	6.020726	6.292033	0.550057	25.166222	37.481147	15.754349	0.172308	0.054247	0.054247	40	11.286059	24.459677
41	0.329887	-24.473021	1.229557	3.170214	0.115257	4.246852	0.544251	1.503983	5.582871	4.705651	0.203651	25.332106	10.477967	14.081793	0.179655	0.039362	0.039362	40	10.46723	23.160305
62	0.351826	-28.989925	1.565247	4.547944	0.05736	3.451652	0.555572	1.867705	5.390772	6.597418	0.049995	23.988714	10.812161	17.137566	0.1829	0.037683	0.037683	40	9.750655	22.325
74	2.460129	-25.418443	0.729064	4.579242	0.112307	3.510842	0.406897	6.290197	4.135021	6.017505	0.375288	21.893668	39.778815	12.430402	0.183673	0.034502	0.034502	40	8.819043	19.150794
41	3.368296	-24.595416	1.353808	3.258095	0.090563	3.380451	0.47542	1.877647	5.467164	2.961109	0.123657	23.482846	34.548105	13.762624	0.174778	0.054532	0.07271	40	10.458244	22.709402
43	0.251573	-24.700268	0.957136	4.243432	0.10011	3.944459	0.460594	2.113898	3.899111	2.009315	0.08234	23.304856	47.60868	12.603198	0.178261	0.018634	0.018634	40	11.57118	23.796078
58	0.151976	-24.875719	1.516228	3.750239	0.056602	3.029836	0.445513	2.03657	4.446948	3.651098	0.369932	21.95839	53.885858	16.717953	0.178078	0.053357	0.069351	40	10.518322	21.7
70	0.096681	-26.012969	0.474449	6.475913	0.135704	3.619854	0.297606	5.453384	3.847044	2.554802	0.21386	17.343222	41.44995	11.734754	0.180645	0.036698	0.036698	40	9.376925	19.043825
40	0.378114	-23.971041	1.59617	5.883216	0.054941	3.675187	0.396759	1.284961	5.146542	4.666413	0.70924	25.907615	53.730326	13.951846	0.173239	0.054074	0.054074	40	11.230341	23.874477
45	0.109344	-24.482561	0.94977	4.862537	0.096055	4.280172	0.551158	1.670102	4.127296	3.126721	0.408927	27.012452	11.845248	13.450659	0.169565	0.055844	0.055844	40	11.527436	24.479401
62	1.651162	-29.397034	1.320127	4.460773	0.049083	3.759205	0.457735	1.472374	4.594973	4.560191	0.369064	27.290508	53.730053	16.518075	0.170297	0.061317	0.061317	40	11.443931	24.41129
70	3.028166	-26.064994	0.710552	4.153533	0.103214	3.300095	0.334828	4.010985	4.305407	3.343818	0.090056	19.726938	35.305303	12.398956	0.122852	0.092925	0.092925	40	9.285099	20.439834
43	1.943839	-24.515047	2.270996	3.797261	0.069852	3.894224	0.527726	1.182536	6.327013	4.335092	0.384099	27.885989	36.766881	17.401535	0.178092	0.053675	0.053675	40	12.360929	26.411523
38	3.246967	-25.097903	0.939124	4.154714	0.095471	4.137885	0.56365	1.68198	5.760776	3.246039	0.309745	29.496065	34.035373	13.149253	0.180301	0.051138	0.051138	40	11.135265	24.719697
62	2.12249	-25.14651	1.265633	5.130935	0.059725	3.683483	0.536268	1.657316	5.38043	6.869971	0.93577	26.270118	29.532344	17.079046	0.147368	0.075718	0.075718	40	10.871017	24.659259
71	3.945627	-26.885472	0.697759	3.781924	0.106456	2.976103	0.341769	5.990917	4.022636	4.042576	0.358851	20.509296	37.160334	10.070884	0.159468	0.067744	0.067744	40	8.732219	20.637097
42	3.258696	-23.986432	2.051278	2.866833	0.088772	3.091494	0.496087	1.878072	6.230943	8.799238	0.719364	23.20039	34.034105	17.667174	0.173051	0.055421	0.055421	40	10.537544	22.622642
42	1.774336	-28.877033	1.510295	3.628778	0.094056	3.397359	0.521937	1.581645	5.907698	6.433372	0.4358	24.664547	48.738482	16.313122	0.175152	0.053447	0.053447	40	9.6858	21.749077
61	1.594238	-28.672744	3.753181	2.862352	0.037468	2.441126	0.446062	1.526349	5.051749	8.196457	0.083311	20.14479	42.523907	19.770635	0.162712	0.065462	0.065462	40	9.461991	21.435294
79	0.437881	-29.4832	1.550871	3.374874	0.113123	2.727831	0.393104	5.147629	4.183129	7.445388	0.099395	17.141188	40.004615	13.309409	0.180161	0.036191	0.036191	40	8.091794	17.532847
42	1.995904	-24.640066	1.797766	2.462407	0.068522	2.812595	0.459282	0.993965	5.604795	5.202502	0.499659	16.613567	34.830079	15.461793	0.177621	0.053819	0.053819	40	8.438289	16.737705
42	1.57407	-28.933351	1.400154	3.771031	0.073813	2.85942	0.508258	1.770004	5.077697	3.623141	0.248229	20.019885	54.633381	12.867878	0.182125	0.048305	0.056792	40	8.501533	17.675676
57	1.94896	-29.481659	2.112754	2.922206	0.042149	2.488537	0.387832	2.027701	4.803331	4.765688	0.14844	18.837689	53.64754	16.301472	0.174168	0.054761	0.054761	40	8.389774	16.828125
77	0.590778	-29.751543	1.247667	2.430911	0.100856	2.608597	0.391708	3.958726	4.204546	4.551482	0.044187	15.0765	42.960084	12.733503	0.186079	0.035273	0.035273	40	7.4759	15.544118
40	1.853392	-24.586272	1.640332	2.578248	0.082083	3.235584	0.464357	1.571163	5.59069	5.360097	0.664262	20.81448	31.022634	13.410215	0.177621	0.053708	0.053708	40	9.840629	20.358079
42	2.376227	-24.370186	1.382068	2.891382	0.066561	3.140556	0.603034	2.160133	5.672386	4.570837	0.433651	25.33075	36.690011	13.629155	0.167864	0.058376	0.058376	40	9.335407	20.081784
63	1.952602	-24.641148	1.830083	4.029793	0.049391	2.683748	0.458027	1.964391	5.081387	5.35596	0.05971	23.057969	42.947653	15.770683	0.182587	0.051002	0.051002	40	9.072142	19.309859
69	2.160098	-25.42995	1.265349	3.444066	0.082745	2.517798	0.363454	6.497035	4.224906	5.625454	0.10466	18.188976	33.263593	12.160258	0.180977	0.017365	0.017365	40	8.239592	17.642336
42	1.315687	-22.57916	1.921201	2.924135	0.051774	3.17169	0.452141	1.118059	5.002989	1.997507	0.198117	22.65691	35.786636	17.81166	0.180948	0.040866	0.040866	40	10.134175	22.409756
42	1.722791	-27.815059	1.745081	2.459628	0.058309	3.279643	0.513641	1.186084	5.204958	1.745336	0.245214	23.181313	45.273275	15.620975	0.18383	0.034287	0.034287	40	10.259986	21.893617
58	1.487061	-28.255724	2.599267	3.5554	0.054693	2.950686	0.494954	1.134339	5.291099	2.644282	0.284898	24.398342	46.040091	17.344661	0.142692	0.082576	0.082576	40	9.788211	21.823077
67	3.568966	-29.22052	1.252834	3.992987	0.06694	2.94406	0.457217	5.553607	4.41534	2.879161	0.206993	20.913004	43.074075	12.948393	0.166584	0.060022	0.060022	40	8.306506	17.636364
40	2.451336	-26.181691	1.36494	4.447198	0.106874	3.843251	0.443102	2.047198	4.829871	2.969009	0.075313	26.382692	31.613158	12.230886	0.175788	0.041677	0.041677	40	11.077717	24.465116
46	2.144101	-29.973171	1.450676	4.288711	0.067501	3.486392	0.554131	2.172202	5.036084	1.662289	0.185378	27.480669	54.076528	14.052225	0.156031	0.069247	0.069247	40	11.701706	26.594203
61	1.977355	-25.141919	1.516669	4.134662	0.051473	3.405415	0.467702	2.425988	4.925303	3.336765	0.324672	22.236045	38.2744	16.30948	0.182329	0.016932	0.016932	40	9.91847	22.083682
70	3.180895	-27.694729	0.872115	4.490944	0.106553	3.360926	0.368862	8.823277	3.938761	2.163889	0.152858	18.523272	34.763405	10.636091	0.182896	0.034171	0.034171	40	9.39479	20.066946
42	2.089999	-24.016327	2.500015	3.934619	0.073184	3.592473	0.448065	1.176531	6.34302	3.21331	0.751386	22.351008	41.618909	19.255439	0.089804	0.115934	0.115934	40	11.429096	25.686957
43	1.767452	-28.616687	1.287995	4.606078	0.08374	4.391065	0.442457	1.444791	4.667202	2.425648	0.594231	23.693502	54.653363	17.871009	0.156164	0.069678	0.069678	40	11.834532	25.198413
58	0.366252	-24.03622	3.452608	3.872319	0.046789	3.024175	0.585766	1.753994	5.714551	4.442411	0.918865	21.968979	11.086807	18.817315	0.179225	0.039299	0.039299	40	10.415075	23.27619
74	0.594804	-24.816407	1.531269	3.700514	0.060498	2.610644	0.431016	8.237188	4.277227	4.200599	0.64006	19.320192	11.015305	12.997091	0.179562	0.037551	0.037551	40	8.732963	18.680851
44	3.346558	-24.664614	1.723364	3.910683	0.060861	3.824442	0.529558	1.331733	6.091762	5.802184	0.599312	30.54877	36.216577	16.80576	0.178092	0.05373	0.05373	40	11.690803	26.041494
39	1.929956	-25.271701	1.005671	3.385221	0.105801	4.077574	0.566152	1.43997	5.501238	4.937947	0.313607	31.482974	54.391784	12.758295	0.180301	0.050987	0.050987	40	10.613453	24.889706
61	2.211894	-25.326914	1.024758	4.222017	0.086929	4.047461	0.531112	2.435384	5.129476	7.189841	0.137423	29.234842	45.436398	16.263855	0.151579	0.070208	0.070208	40	10.040071	23.690566
71	3.728979	-26.435983	0.974462	3.585354	0.109363	3.370568	0.344369	5.134216	4.233168	5.786374	0.235877	25.68961	45.047547	11.918323	0.139535	0.081226	0.081226	40	8.578156	20.577617
40	1.540453	-24.756461	1.23658	2.764825	0.109133	3.469692	0.516342	1.387785	5.063459	2.375551	0.117618	26.454306	12.652205	13.703538	0.177778	0.05285	0.061106	40	10.501249	24.258065
45	0.143036	-24.642541	1.268973	3.079779	0.06623	3.715562	0.530713	0.911377	5.635033	1.594158	0.046442	30.323849	10.801664	15.803383	0.140377	0.077032	0.077032	40	10.314689	23.306667
63	0.673269	-24.840002	1.186393	4.123208	0.0616	3.583921	0.524344	1.543443	5.109473	2.473346	0.122929	30.494307	38.343993	16.624971	0.087652	0.117842	0.117842	40	8.989545	21.389558
73	2.622072	-26.002341	0.515212	4.753199	0.118282	3.67625	0.472076	2.730307	4.412104	2.358728	0.079794	22.321871	33.003806	10.586156	0.164499	0.063068	0.066411	40	7.591853	18.866142
42	2.217592	-24.876848	1.451306	2.966197	0.087654	3.314357	0.519652	1.209068	5.569225	4.036118	0.525358	27.813655	34.696109	14.368519	0.164384	0.05975	0.05975	40	10.669899	23.245098
41	1.892711	-24.994524	1.332613	3.155507	0.082174	3.377425	0.585047	1.779532	4.193581	2.931701	0.317217	30.945528	35.199513	11.631194	0.182069	0.0355	0.0355	40	10.359527	23.463035
58	2.167863	-24.702076	1.167605	4.212201	0.048779	3.44114	0.508751	2.67506	4.956578	4.414619	0.168437	27.215769	38.329702	15.667895	0.177617	0.036566	0.036566	40	9.533004	21.687805
70	2.849813	-30.993361	0.795252	3.812554	0.104397	3.526508	0.350755	5.826758	4.415566	3.427103	0.133855	19.324268	40.040738	11.408624	0.175401	0.054208	0.054208	40	7.971571	17.415638
39	2.731074	-24.92723	1.047185	7.292385	0.066342	3.720711	0.390777	2.435716	3.684916	2.62556	0.403588	24.908909	38.997504	12.239641	0.166795	0.056081	0.056081	40	12.609517	25.766355
42	1.868143	-24.99683	0.769607	4.687573	0.084836	3.970548	0.466328	2.147381	2.280133	1.725624	0.196231	28.149829	30.402964	11.015513	0.182781	0.033758	0.033758	40	13.293473	28.503401
60	1.984512	-24.373917	1.140399	4.139853	0.042441	2.831587	0.449428	3.455246	3.926729	4.166564	0.734614	25.34134	35.306015	13.024864	0.178092	0.041923	0.041923	40	11.761117	25.198381
61	2.77084	-26.724606	0.43644	5.308817	0.115901	3.068036	0.311789	9.954247	3.053457	1.757571	0.049614	19.124648	52.841409	6.832789	0.157311	0.068569	0.068569	40	10.097564	21.573643
41	2.156382	-25.095	1.571048	3.310365	0.104925	3.713513	0.496523	0.905284	6.442756	4.501254	0.242025	31.547231	44.363959	17.31252	0.152577	0.068935	0.068935	40	11.583037	29.547325
41	2.509615	-25.289782	1.099294	3.642035	0.105884	3.986252	0.535097	1.626913	5.183389	4.734007	0.177819	32.819323	33.446418	12.910487	0.182332	0.0362	0.0362	40	12.565699	28.387597
60	1.878869	-24.824262	1.468754	4.200055	0.040862	3.68665	0.528274	1.359701	5.362268	6.720993	0.655021	32.484125	35.712033	17.147637	0.175401	0.036165	0.036165	40	10.935391	28.869565
69	2.69804	-26.161957	0.528749	4.496838	0.082979	4.486214	0.380641	6.453144	4.416103	5.523995	0.508482	29.072582	35.503204	11.331474	0.176532	0.053348	0.053348	40	9.95286	23.74026
42	0.350105	-23.931629	1.504998	4.025399	0.060659	3.635076	0.400494	1.164052	4.880964	5.429655	0.58052	27.877084	11.367906	15.417137	0.175723	0.039811	0.039811	40	12.190925	28.15873
41	1.782493	-23.892387	0.704813	4.821489	0.095598	5.127519	0.449342	1.485801	4.470623	2.981912	0.357924	34.04302	49.265062	13.083262	0.182125	0.034433	0.034433	40	13.400335	30.731183
61	1.323878	-23.590207	1.51833	3.997438	0.053743	3.311752	0.515465	1.263229	5.326266	9.796816	1.290126	29.339277	38.831019	17.336433	0.170803	0.056285	0.056285	40	10.748545	25.875519
68	2.264033	-25.635434	0.529861	4.492653	0.086905	3.594563	0.320495	4.506371	3.84459	4.867902	0.317586	25.236847	38.611967	11.124998	0.183389	0.040796	0.050573	40	10.049384	22.915663
40	1.831359	-23.501204	1.321865	6.907107	0.115421	3.766405	0.413576	1.67889	5.109376	3.698789	0.351936	31.84037	41.163666	14.000213	0.178547	0.035463	0.053194	40	12.849841	29.218182
43	1.797888	-23.909714	0.904335	5.614378	0.084206	4.372206	0.504525	1.494265	4.807243	2.954103	0.394359	32.864377	35.673439	13.828862	0.159441	0.064967	0.064967	40	13.292066	30.151261
62	2.105671	-24.384403	0.669423	5.026425	0.060979	4.429277	0.457211	1.816355	4.937635	4.993788	0.748775	29.823167	36.190754	14.562889	0.155102	0.07015	0.07015	40	11.709525	28.586207
68	3.915945	-25.73642	0.613611	6.051708	0.097565	3.607036	0.415546	6.112637	4.356843	3.300613	0.319974	27.236545	42.084639	11.022159	0.150268	0.072665	0.074844	40	10.096437	24.264317
39	1.391448	-22.949268	1.077848	5.490216	0.092113	3.661198	0.171005	1.469036	3.238019	4.203342	0.499077	30.016954	36.298154	10.317385	0.178144	0.042208	0.042208	40	13.1388	27.833333
46	1.910955	-24.299847	1.272882	4.956986	0.096846	3.411276	0.602261	1.059037	5.525649	2.191223	0.299244	32.62017	54.471693	13.631209	0.182655	0.035933	0.035933	40	12.445777	27.923077
60	0.696758	-24.1315	0.642953	5.410403	0.061331	4.253737	0.397688	2.335787	4.814708	4.471721	0.335948	24.791955	40.101967	15.247062	0.158416	0.067931	0.067931	40	12.226701	26.974138
68	3.933796	-26.1505	0.355356	6.264179	0.15026	4.341446	0.42974	6.524918	4.14245	3.16652	0.065738	23.784703	37.37993	11.415543	0.177153	0.0539	0.0539	40	10.142157	22.819444
41	1.62737	-29.265188	1.839101	5.567027	0.063117	3.527178	0.366591	1.916183	4.939783	5.20766	0.062121	28.462726	48.991368	14.878354	0.164824	0.064554	0.064554	40	12.943445	27.011765
41	1.76169	-27.488869	1.354856	4.560872	0.070918	4.305995	0.461812	1.408757	4.011294	3.536853	0.051107	34.443749	50.930464	13.425414	0.183273	0.036638	0.036638	40	13.01165	30.947368
61	1.67864	-28.486214	1.41962	5.017833	0.043171	3.373667	0.451634	1.575727	4.961219	6.233815	0.535292	29.702743	53.29897	16.247829	0.151795	0.070222	0.070222	40	11.392626	27.801527
70	0.863627	-24.707026	0.376136	5.288146	0.129049	4.033539	0.368111	6.437799	4.274694	4.447548	0.320849	26.034729	10.793208	9.699319	0.175281	0.038064	0.038064	40	9.788135	22.371429
41	2.784114	-25.492015	1.265941	3.428361	0.088769	3.981346	0.540454	1.128071	6.008686	4.289267	0.187757	31.557576	37.109629	15.527157	0.120783	0.095396	0.095396	40	10.978115	27.715517
42	0.142512	-25.504003	1.179144	2.97168	0.082389	3.649724	0.498682	0.948656	6.10216	3.728005	0.231766	37.174613	53.982336	14.97949	0.180753	0.034362	0.034362	40	11.632397	28.748092
61	2.326816	-25.387771	1.158639	3.88916	0.048352	3.525424	0.473324	1.874663	4.942639	6.041289	0.681343	35.030658	38.81841	16.830023	0.132384	0.087122	0.087122	40	11.760303	29.793991
69	3.511402	-27.069548	0.518008	4.435249	0.148857	4.364941	0.442438	8.711158	3.924736	5.598671	0.518797	29.696978	35.759477	10.579413	0.158043	0.065392	0.065392	40	9.147409	22.634921
42	2.78466	-24.835806	1.131543	6.584167	0.102509	4.921503	0.570681	1.044858	5.624831	2.202157	0.271417	32.141288	37.565532	15.575433	0.169014	0.053706	0.053706	40	13.818726	32.26178
44	2.591667	-25.575457	1.163267	6.16999	0.074859	3.684945	0.54042	1.859216	5.200784	1.963608	0.120909	34.62151	42.340476	14.827461	0.170182	0.055932	0.055932	40	12.929384	30.50996
55	2.732627	-25.100701	0.907258	6.254983	0.06288	3.921451	0.436586	2.012354	4.574897	3.368264	0.216096	28.615625	35.741637	14.655492	0.16918	0.060486	0.060486	40	11.402726	27.483254
69	3.477782	-27.570704	0.436186	4.755695	0.118251	4.114573	0.49673	5.676873	4.069815	2.738333	0.089241	24.285331	31.354039	11.303419	0.126962	0.089794	0.089794	40	9.685447	24.102128
39	1.813638	-23.771899	1.411578	3.421325	0.097223	3.70252	0.511178	1.809986	5.74555	5.306542	0.696336	29.177707	36.678644	12.848637	0.151373	0.069271	0.069271	40	11.648976	26.747253
42	2.091616	-24.035336	1.067288	4.835173	0.083441	3.428306	0.507224	1.163909	4.992904	4.147793	0.306803	31.14855	33.630537	14.140023	0.152727	0.070551	0.070551	40	10.689777	24.37069
60	2.102104	-23.398943	1.260725	2.930133	0.053789	3.318463	0.490838	1.689014	4.673705	5.938413	0.28854	30.145479	34.05554	15.345911	0.137979	0.080345	0.080345	40	10.605891	25.194444
63	0.445029	-25.24989	0.369714	3.996796	0.085938	3.747947	0.371132	6.32217	3.976044	5.225003	0.217762	24.206441	11.451978	10.391222	0.182278	0.036852	0.036852	40	8.800732	19.646018
42	3.11424	-25.57481	1.419537	3.511521	0.108696	4.31274	0.584071	0.903104	5.948791	4.839907	0.468127	34.187425	35.745259	16.265623	0.144869	0.074095	0.074095	40	12.41267	31.696335
44	2.76457	-25.922989	1.411903	4.265825	0.076241	3.441451	0.524211	0.948124	5.728928	4.420098	0.456664	36.938349	42.521744	15.593993	0.148364	0.07458	0.07458	40	11.827742	29.360294
54	2.163046	-25.789874	1.365098	4.098648	0.077192	3.895143	0.442273	2.449053	4.876718	6.563817	0.526366	36.331288	38.257591	13.826588	0.180984	0.050397	0.050397	40	10.463629	27.336449
71	3.290563	-27.273307	0.509345	4.14926	0.114505	4.299429	0.521343	5.564516	4.504167	5.234602	0.404629	33.024328	33.050224	11.97488	0.135154	0.083607	0.083607	40	9.06687	24.162602
41	1.909084	-24.088348	2.39821	2.859921	0.111893	3.208423	0.45844	1.756526	6.282889	9.506918	0.575219	22.550621	34.799018	17.664863	0.176997	0.041575	0.041575	40	10.572464	23.086792
43	1.772618	-24.240514	1.743552	2.843522	0.093164	3.354465	0.559691	1.722869	6.085143	6.681387	0.714836	22.989133	35.618114	17.674328	0.179519	0.018171	0.018171	40	10.376999	22.71875
59	1.579425	-23.967359	2.824453	3.69447	0.048902	2.964593	0.497005	1.916693	5.582198	8.03055	0.171345	22.808672	31.463467	19.773202	0.180527	0.039348	0.039348	40	9.778531	21.061538
73	2.508886	-24.758712	1.282428	2.842958	0.105935	2.489862	0.365288	5.719963	4.276973	8.685835	0.22314	17.635867	37.07467	11.239615	0.172614	0.056596	0.056596	40	8.441574	18.347826
41	1.706666	-24.001337	2.255104	2.680165	0.077068	3.335252	0.415038	1.087499	5.808207	9.409091	0.807392	21.024866	47.603583	17.671579	0.18317	0.019628	0.019628	40	9.89812	21.637168
43	0.372963	-24.209572	1.954626	2.779516	0.069676	3.097495	0.55675	1.513813	6.191825	7.677763	0.667173	25.260412	49.20251	18.672988	0.175304	0.053259	0.053259	40	9.961374	21.940741
61	1.841105	-28.995001	2.235	3.365422	0.047437	2.650268	0.510563	2.635184	5.438194	7.753804	0.091388	19.507411	44.226565	19.174217	0.180322	0.018131	0.018131	40	9.372852	20.195745
70	2.29483	-24.79723	1.169468	2.809316	0.1086	2.87208	0.414749	3.439176	4.356367	8.705537	0.356047	17.858581	33.521447	14.22151	0.177778	0.054007	0.054007	40	8.418581	17.376518
43	0.450693	-24.040672	3.117937	3.334853	0.071394	2.988104	0.553979	1.166349	8.035028	8.332571	1.036582	23.61959	36.540522	19.979914	0.169412	0.056035	0.056035	40	10.792441	23.050193
41	1.810535	-28.41733	1.661597	2.440044	0.069772	3.281059	0.49283	1.561697	6.48449	6.659738	0.408213	23.247182	48.65419	17.478419	0.122052	0.09616	0.09616	40	10.208839	22.40458
58	0.34839	-24.017341	3.113037	3.331819	0.049378	2.60735	0.53064	1.865395	5.506024	7.012981	0.139786	22.762989	11.343819	19.149974	0.130093	0.084516	0.084516	40	9.557739	20.417778
74	0.345176	-24.869465	0.791911	3.809514	0.108407	3.228212	0.437058	6.098822	3.961729	8.737823	0.248518	16.611916	39.475649	12.447494	0.179087	0.040078	0.040078	40	8.335089	17.104072
40	1.916532	-29.194717	2.571391	2.997289	0.077646	3.132928	0.438511	1.400285	6.544492	9.224744	0.870087	22.611472	49.360689	18.475146	0.177015	0.052715	0.052715	40	10.577658	22.708487
40	1.80011	-28.930426	2.313335	3.974045	0.079337	3.50702	0.455197	0.815666	5.32547	6.054651	0.598436	23.79394	47.146686	18.712609	0.183493	0.017679	0.017679	40	10.929926	23.351145
60	1.730205	-24.26693	2.447531	3.005435	0.064778	2.925027	0.53744	1.817025	5.190473	8.057902	0.077437	21.114902	44.582441	19.25007	0.183206	0.034526	0.034526	40	9.531731	20.348548
71	0.661892	-24.877565	1.193883	2.859657	0.093414	2.687637	0.368356	4.715558	4.573408	7.982194	0.234801	16.177105	39.622051	13.640625	0.182746	0.032854	0.032854	40	7.769114	16.983278
41	1.729211	-23.96916	3.6097	2.857606	0.059245	2.887277	0.453857	1.275141	6.162242	10.355434	0.734742	20.842148	36.957011	18.17346	0.166526	0.057833	0.057833	40	10.118455	20.748815
45	0.578814	-29.067742	1.883745	3.139235	0.092953	3.411018	0.54279	1.568121	6.360775	6.515241	0.398142	21.860505	48.621547	18.281447	0.175558	0.054509	0.054509	40	10.590225	22.535565
60	2.203151	-24.168635	2.274494	2.890819	0.045776	2.724746	0.419055	2.348444	5.22372	8.291587	0.004063	19.171264	42.985157	17.894379	0.177449	0.018891	0.018891	40	9.043768	19.726496
76	1.940822	-24.660819	1.625037	3.332444	0.080837	2.757217	0.419735	4.339324	4.437267	10.00326	0.246841	18.723449	35.314138	14.509674	0.15072	0.075767	0.075767	40	8.499908	18.353791
41	0.833742	-23.665493	3.291836	2.689547	0.074032	3.083625	0.444021	1.442488	6.287308	9.374563	0.711647	20.184773	11.573561	18.420253	0.162712	0.061726	0.061726	40	10.04016	21.339806
42	0.19833	-28.559341	1.630062	3.984417	0.074437	3.256361	0.528582	1.728756	6.726692	7.470517	0.524428	22.894182	49.023813	18.756943	0.18256	0.018845	0.018845	40	10.295043	22.243478
60	0.228554	-28.572981	2.668975	3.29949	0.051715	2.70569	0.53911	1.835184	5.277462	7.195886	0.184196	22.100637	43.900299	18.958264	0.180366	0.044269	0.044269	40	9.400279	20.29249
77	2.577181	-24.452129	1.843723	3.682905	0.06896	2.330569	0.395429	6.183283	4.250219	8.085849	0.074706	19.27868	29.705822	12.408486	0.174943	0.055069	0.055069	40	8.006029	17.864979
41	2.104141	-23.824001	3.355911	2.750567	0.08044	3.122686	0.497459	0.877125	6.351909	8.506965	0.765581	21.061981	37.416284	20.420739	0.166957	0.056906	0.056906	40	10.566876	22.153846
44	1.587629	-28.384398	2.204183	3.043089	0.068655	3.164404	0.5365	1.328395	5.939694	6.307875	0.558212	22.915013	47.513762	20.046697	0.185525	0.030461	0.030461	40	10.29698	22.684039
62	1.874865	-24.169017	3.487014	4.454081	0.041933	2.540714	0.562313	1.54232	5.506725	7.847985	0.240557	21.150343	40.134794	20.050057	0.133453	0.083626	0.083626	40	9.705924	21.121739
76	1.937075	-24.721343	1.6011	4.265747	0.079321	2.390003	0.462258	5.438812	4.440708	8.53371	0.312189	16.142279	37.925507	13.514647	0.156903	0.06822	0.06822	40	8.392904	17.791506
42	1.784548	-23.894605	4.161468	2.616867	0.058825	2.899686	0.419928	1.329578	6.237265	10.491338	0.909798	20.589114	36.430847	18.735257	0.181382	0.049006	0.049006	40	10.13946	21.482759
45	0.513034	-23.911791	2.554764	4.044716	0.061071	3.018456	0.597681	1.034017	7.0137	6.237526	0.492111	23.710077	11.15887	22.209364	0.171994	0.056701	0.056701	40	10.458361	22.954357
58	1.662415	-23.843149	3.010255	3.009654	0.048621	2.531966	0.548524	2.167927	5.671368	8.537153	0.214706	22.176774	44.338336	19.661848	0.169319	0.058543	0.058543	40	9.974669	20.445283
74	0.471327	-24.651676	1.026709	4.232449	0.090754	2.98048	0.435202	5.82566	4.181754	8.586686	0.107936	17.610063	41.544986	13.531421	0.180807	0.036385	0.036385	40	8.325632	17.377289
42	2.489438	-24.128466	1.628357	2.896602	0.106527	3.85756	0.503579	1.234401	5.120218	2.361957	0.128452	25.190547	35.249917	15.02528	0.176604	0.044339	0.044339	40	11.111143	24.536797
43	0.172712	-24.448837	1.122336	3.968915	0.111832	3.922591	0.586389	0.980855	6.338223	1.773541	0.047947	28.570125	51.129789	16.054519	0.179439	0.01903	0.01903	40	10.580163	23.871486
57	2.13333	-24.35074	1.256432	3.787623	0.061817	3.504645	0.504626	2.022812	4.824474	3.060584	0.223033	24.924134	41.587829	14.855535	0.179175	0.019659	0.019659	40	9.220196	21.578947
76	0.620359	-30.036936	0.640693	4.019692	0.144589	4.068706	0.454265	7.345057	3.940742	2.356599	0.097828	21.609788	42.040555	10.966338	0.179562	0.054824	0.054824	40	8.656382	18.401674
43	1.848982	-24.749237	1.605023	2.987694	0.072065	2.977966	0.479128	2.867951	4.914686	4.564919	0.630053	21.242177	36.333822	12.000089	0.15122	0.067299	0.08365	40	9.886558	20.732394
46	0.323212	-25.132735	1.375829	3.005157	0.076663	3.322675	0.68213	1.635434	6.051761	3.403186	0.48572	25.743154	9.728043	13.787814	0.178626	0.03885	0.03885	40	10.137534	21.525292
63	1.947158	-24.659089	1.327676	3.938384	0.050451	3.037353	0.581386	1.438067	5.303589	4.602395	0.46571	23.64072	34.504716	17.015679	0.178723	0.035981	0.035981	40	9.078833	20.67433
72	2.362848	-25.885456	1.257173	3.071503	0.093739	2.736798	0.463225	6.440367	4.192639	3.823195	0.050918	18.93625	34.103273	10.978906	0.180513	0.052329	0.052329	40	7.724727	16.236735
41	2.070651	-23.829205	1.675405	3.46476	0.067993	3.579837	0.49643	1.07694	5.657201	7.107855	0.734786	23.827923	35.532441	15.394776	0.177778	0.018195	0.036391	40	10.997218	24.217195
42	1.740923	-28.8551	1.453107	3.596788	0.096965	4.123083	0.497096	1.599775	5.760672	4.356455	0.37912	27.155454	49.643788	14.344855	0.185991	0.045508	0.045508	40	11.802608	25.47541
57	2.087604	-24.302219	1.460784	3.441727	0.053571	3.521891	0.481046	1.450596	5.316059	6.836703	0.152775	24.552511	40.146232	18.21913	0.176978	0.054403	0.054403	40	10.374601	22.930612
65	2.102329	-24.909466	0.970219	3.890768	0.083261	3.257864	0.355678	7.884361	4.581214	6.08239	0.323443	21.620009	41.850297	12.783786	0.154704	0.070966	0.070966	40	8.474404	19.045113
44	2.330635	-24.682771	1.722734	3.816469	0.093086	3.046283	0.575166	1.182338	5.899493	4.326588	0.592221	23.481444	32.187036	13.81547	0.172028	0.058476	0.058476	40	9.810558	21.153285
43	0.27923	-29.039983	1.276929	3.880551	0.085145	3.265613	0.551659	1.784071	5.323119	3.743067	0.492169	24.376199	44.99899	13.230621	0.158376	0.06856	0.06856	40	9.943667	20.755556
61	2.384845	-29.839953	1.061929	3.288035	0.058357	3.040693	0.556219	2.797459	5.01531	4.780024	0.511736	21.480315	42.840695	15.495045	0.177617	0.054735	0.054735	40	9.332096	20.121739
76	1.070295	-30.110438	0.946593	3.604254	0.074077	3.064237	0.372232	6.452226	4.392632	4.25085	0.075568	18.627295	40.703244	10.011412	0.184918	0.016632	0.016632	40	8.098436	17.727626
43	0.586768	-24.799623	1.813944	3.381789	0.094867	3.456281	0.449026	1.101605	5.575591	5.503408	0.333624	28.34572	10.82363	14.703956	0.174713	0.039711	0.039711	40	10.498685	25.636364
40	1.753304	-24.979357	1.094045	3.210134	0.099451	4.327204	0.566933	1.179302	4.784027	4.623447	0.067802	27.744985	10.284522	12.91845	0.17931	0.039092	0.039092	40	10.478669	23.890909
61	2.531005	-24.800229	1.764768	4.205128	0.048851	3.456216	0.507402	1.691005	5.202473	5.570084	0.175802	24.439198	36.409281	18.004649	0.172376	0.056221	0.056221	40	10.290742	23.522523
68	2.335443	-25.603741	0.692175	3.835326	0.113497	3.729396	0.390825	6.771393	4.309421	5.730531	0.28782	22.299572	33.909016	10.392201	0.161102	0.067313	0.067313	40	8.978492	20.928
38	2.114315	-24.494959	1.038715	3.78104	0.112944	4.048384	0.53822	1.871283	5.947972	1.959693	0.03332	26.723415	37.752213	13.925206	0.175401	0.054147	0.054147	40	10.995946	24.134387
40	1.855123	-24.114345	0.922138	2.885503	0.093865	3.909584	0.461997	1.852831	5.003923	1.746233	0.017106	27.278887	33.889511	12.415089	0.176978	0.043783	0.043783	40	10.138116	22.881633
61	1.583932	-24.232205	1.907057	3.794896	0.059987	3.292376	0.590124	1.137448	5.528178	3.412509	0.33516	30.281803	39.60006	18.160868	0.155897	0.069143	0.069143	40	10.224384	23.9375
68	1.916919	-24.976572	0.637569	4.151433	0.103407	3.353517	0.404957	4.923525	4.390323	2.221194	0.108875	21.266971	37.14744	11.355013	0.183051	0.035891	0.035891	40	7.962494	19.688581
40	1.705082	-24.732268	1.824192	3.171616	0.076788	3.077541	0.499567	1.844675	5.492665	4.975763	0.700673	19.819415	37.189599	12.041703	0.178808	0.05103	0.06804	40	9.105785	19.370629
44	0.397794	-29.029206	1.41442	3.649949	0.076235	3.221943	0.545244	1.907259	4.951054	3.407168	0.423757	24.40058	45.240114	12.904878	0.182699	0.035249	0.035249	40	9.191236	19.505455
58	0.478033	-25.057949	1.533515	3.361307	0.055538	3.176297	0.598724	2.467154	5.521289	5.142057	0.602964	25.698049	10.706508	15.899972	0.180451	0.028282	0.03856	40	9.970919	21.322034
73	1.206554	-25.656219	1.188078	3.245602	0.083985	2.963889	0.385749	5.68798	4.432919	3.754402	0.019226	18.708603	39.318751	12.263507	0.182741	0.046621	0.046621	40	7.921092	17.383513
42	1.971698	-24.216449	2.111388	2.880648	0.062624	3.289567	0.449714	2.182908	6.351821	6.703245	0.598886	24.889195	34.07782	15.435112	0.157664	0.065263	0.065263	40	10.504898	23.977612
44	2.071318	-29.804244	1.347109	3.282633	0.072899	3.352838	0.464628	1.734177	5.346653	4.239725	0.29891	27.38836	48.785411	14.763019	0.181053	0.03544	0.03544	40	11.120817	24.211382
62	2.024734	-25.144407	1.630315	4.983745	0.074767	3.610413	0.479908	1.858133	4.825217	6.334155	0.020786	25.990591	38.188441	16.581804	0.1797	0.05141	0.05141	40	10.443605	23.636364
67	2.427529	-25.747571	0.871921	4.790022	0.088314	2.978336	0.360138	8.353339	4.201005	5.10237	0.237881	20.649219	36.594158	11.376526	0.180301	0.033953	0.033953	40	8.203702	19.198444
42	0.771138	-24.9978	1.981961	2.930527	0.072903	3.064424	0.592595	1.743924	5.782023	4.454741	0.666327	22.964133	35.751068	13.418418	0.133333	0.083847	0.091799	40	10.243247	20.996226
45	1.951984	-24.882839	1.36737	3.288866	0.063543	3.349402	0.622696	1.839302	5.262594	3.838758	0.622885	24.195636	32.957099	15.03373	0.17732	0.052209	0.052209	40	9.715434	20.252964
64	1.606023	-29.991593	1.415539	3.183521	0.056823	3.273579	0.460178	1.420906	4.628806	5.451249	0.409443	25.324336	41.702171	16.570467	0.184314	0.0499	0.0499	40	9.396976	20.362903
70	0.52452	-30.827826	1.027514	4.743271	0.108547	3.323235	0.349768	4.649656	3.874646	3.825889	0.023483	18.39897	39.323383	10.894302	0.180602	0.034136	0.034136	40	7.871181	17.065134
42	2.271998	-24.575524	1.299126	2.595401	0.09137	4.032531	0.494774	2.250363	5.120387	5.745155	0.436633	23.842245	37.627804	12.444048	0.1584	0.061587	0.061587	40	10.702059	24.029412
42	2.347773	-24.88665	1.325535	3.569021	0.095218	4.218088	0.471398	1.392347	5.519303	4.985475	0.186119	25.767119	35.058998	13.673806	0.155789	0.068494	0.068494	40	11.252728	24.522523
60	0.94198	-24.949871	1.575127	3.536499	0.067492	3.557474	0.511701	1.301333	4.994442	5.841819	0.15866	25.735988	46.431578	18.02911	0.176109	0.05245	0.05245	40	10.31369	23.35
72	2.565697	-26.011756	0.559769	4.329364	0.111014	3.400712	0.437359	4.910591	4.146164	5.884126	0.283895	21.712536	31.02233	12.074952	0.187013	0.016386	0.016386	40	8.943933	20.702128
41	1.988209	-24.040482	1.916218	5.507331	0.078806	3.588938	0.483484	0.961634	6.240616	5.568568	0.592545	29.447245	34.985429	16.912722	0.152316	0.07038	0.079079	40	11.75722	26.961702
45	1.534583	-24.484294	1.184878	5.107937	0.07529	3.705815	0.551874	1.233126	5.906657	5.543311	0.565277	31.188695	36.113505	16.41453	0.161798	0.065758	0.065758	40	11.367491	26.120141
62	1.915686	-24.24631	2.388831	3.299064	0.049782	3.423347	0.480145	1.279165	5.254355	8.490534	1.252246	30.952591	42.056618	17.678124	0.182125	0.034649	0.034649	40	10.913884	26.18107
63	2.184251	-25.880002	0.576992	5.447032	0.130997	4.057841	0.411005	8.96862	4.469502	6.867482	0.692287	19.478073	28.06292	10.694416	0.18282	0.03283	0.03283	40	8.894691	18.89404
41	1.619436	-29.143292	1.508594	3.664053	0.092218	3.814845	0.45029	1.506393	5.003547	4.719719	0.664291	24.103006	52.96038	13.666972	0.181443	0.035016	0.035016	40	11.671579	23.984127
43	1.552006	-24.277468	1.27808	4.723509	0.075585	3.622427	0.578384	1.785064	5.014899	3.576556	0.505527	26.229541	36.423347	13.338513	0.134923	0.084301	0.084301	40	11.724481	24.642857
61	1.891654	-24.248559	1.166006	3.694316	0.048599	3.641629	0.485061	2.659959	5.16505	4.322984	0.308865	22.532539	39.673121	16.063869	0.182229	0.049812	0.049812	40	11.260465	23.48659
66	0.200113	-26.567853	0.967205	4.184648	0.091046	2.786915	0.421762	6.958874	4.479036	3.885345	0.161457	19.829698	9.285958	10.378847	0.162101	0.063117	0.063117	40	9.519344	20.19917
41	0.888243	-23.940816	2.533333	4.360199	0.060955	3.332885	0.336261	2.34036	5.003492	5.958217	0.575465	23.561083	11.411407	13.66619	0.168182	0.058199	0.058199	40	10.910392	23.015385
44	1.70191	-24.155469	1.384797	2.952573	0.066127	3.647736	0.507333	1.650019	4.809956	4.401437	0.258767	28.248493	39.171155	13.923472	0.182432	0.03822	0.03822	40	11.244314	24.525097
61	1.743083	-29.55822	2.212448	4.40326	0.046609	2.783375	0.486339	2.499949	5.00937	5.794019	0.034448	26.009303	48.945697	16.558362	0.161345	0.067448	0.067448	40	10.122662	22.008163
67	2.481075	-25.506426	0.733769	5.008564	0.117098	3.998639	0.40288	6.761945	4.350062	4.556512	0.282916	21.825453	45.324663	12.322953	0.151845	0.071829	0.071829	40	9.735547	20.765152
41	2.677076	-25.115107	1.335406	3.229247	0.109201	3.993616	0.419621	1.187754	5.226558	6.22662	0.423365	26.92678	36.383796	14.75376	0.176633	0.018842	0.018842	40	10.747934	24.30622
41	0.390765	-25.158506	0.98344	3.442059	0.087564	3.878317	0.554987	1.986265	5.13618	4.034206	0.135728	30.354984	10.327474	12.909479	0.170441	0.058247	0.058247	40	11.552525	25.465587
60	2.349876	-26.113338	1.143832	3.699108	0.063252	3.402918	0.498629	1.746439	5.135499	5.631702	0.144742	29.265065	45.295452	16.857878	0.160535	0.067228	0.067228	40	9.120817	22.393701
73	2.515024	-26.810708	0.668595	3.961998	0.088818	3.462024	0.445218	5.984	4.087386	5.637382	0.262979	24.47739	32.142357	12.133591	0.158416	0.067619	0.067619	40	8.345786	19.510791
41	2.711988	-25.494213	0.945567	3.71532	0.125192	4.768729	0.438663	1.812741	5.646329	3.973422	0.26897	28.18691	33.794297	13.435202	0.174468	0.055572	0.055572	40	12.269463	27.275
44	0.879886	-25.231727	1.703332	3.795932	0.072909	3.569214	0.471309	0.904908	5.777763	3.304544	0.436415	27.907191	34.371402	17.675115	0.145581	0.074687	0.074687	40	12.153954	26.33463
60	2.067939	-24.80717	1.444515	3.179555	0.051857	3.173403	0.488384	1.833396	5.223034	6.361455	0.917902	26.783347	38.20902	16.463135	0.174468	0.054852	0.054852	40	10.33971	24.746544
69	4.53608	-27.039627	0.613803	4.716801	0.066381	3.775177	0.362045	8.459317	3.76529	4.042821	0.386777	17.205407	32.274498	9.613097	0.107527	0.105772	0.105772	40	8.97741	19.638009
41	2.187336	-23.626703	2.248085	4.013908	0.063235	3.33137	0.458835	1.021835	6.003027	5.508673	0.802361	25.282367	38.673735	16.400107	0.154978	0.069851	0.069851	40	10.875154	23.756522
41	2.045565	-24.180021	1.15898	3.727246	0.097883	3.948314	0.568644	1.531526	5.859258	3.840097	0.414508	26.37681	34.218123	14.644136	0.177457	0.036985	0.036985	40	11.050576	24.625954
59	2.052821	-23.922851	2.105814	3.998215	0.048081	3.196473	0.498167	1.897277	5.41748	6.189378	0.367747	25.639453	39.441158	17.008321	0.170182	0.056018	0.056018	40	9.970132	21.558442
74	2.006163	-25.411344	0.751839	3.579704	0.128758	3.322835	0.391535	5.357835	4.303515	4.573979	0.06753	22.623459	39.968844	11.327446	0.160894	0.065063	0.065063	40	8.40693	19.130719
42	1.482835	-23.942827	1.874261	3.378249	0.069872	3.557959	0.526905	2.162626	6.119076	5.565989	0.697809	29.360445	33.659675	14.607035	0.132757	0.087233	0.087233	40	11.839928	25.583012
42	1.761548	-24.349132	1.362564	3.892028	0.086291	3.586945	0.574396	1.902592	5.316551	4.563257	0.531671	27.822194	35.464144	13.682976	0.166378	0.058874	0.058874	40	10.467569	22.927419
59	1.677078	-23.897966	1.969643	4.458119	0.060852	3.213529	0.429684	2.424227	4.884009	6.080504	0.40077	25.993433	38.275328	15.772583	0.155234	0.069606	0.069606	40	10.025954	23.405172
69	2.739364	-25.556059	0.52553	4.887948	0.120153	4.001381	0.434926	4.695722	4.558197	5.928683	0.021863	23.615131	36.192948	12.04833	0.184278	0.036911	0.036911	40	8.39055	19.24031
40	2.666426	-25.736955	1.206074	3.904723	0.125057	4.375182	0.454008	1.372613	5.485893	6.124549	0.5331	30.4388	31.642715	13.725426	0.174468	0.055739	0.055739	40	11.470104	26.708861
44	1.687427	-25.451943	2.031149	3.130798	0.069388	3.466562	0.492573	1.161123	5.665947	5.026919	0.255275	30.72312	35.359099	16.596406	0.128943	0.088973	0.088973	40	11.090844	25.452381
60	0.260426	-24.843274	1.529895	4.507507	0.046939	3.206128	0.440077	1.560275	5.021325	7.045259	0.119573	30.834055	39.653585	17.964833	0.178723	0.03653	0.03653	40	9.541599	23.382488
70	3.307248	-26.861621	0.756146	3.874243	0.072133	3.854386	0.343007	6.645104	4.05472	5.324991	0.222905	20.493336	38.027241	10.04726	0.107527	0.105665	0.105665	40	8.490329	19.336323
43	1.404307	-25.562054	4.189255	3.047369	0.050924	2.937705	0.43705	1.603994	6.077928	8.230984	0.427912	20.673789	40.508198	18.702345	0.153285	0.067597	0.067597	40	10.106155	22.440191
42	2.814113	-29.872809	1.775011	2.654429	0.086362	3.159938	0.500456	1.598458	6.105164	6.162578	0.152355	26.998504	52.911514	16.336452	0.182541	0.035307	0.035307	40	9.97334	21.5
59	2.594097	-23.965664	1.573054	4.413376	0.045954	2.772889	0.366519	1.279927	4.693218	7.971093	0.224283	20.025658	39.257792	18.299515	0.059864	0.137992	0.137992	40	9.150073	19.691429
71	3.487877	-26.772759	1.53655	2.918727	0.070256	2.489931	0.305841	5.417796	4.362249	7.460086	0.491495	15.761176	31.583758	14.670189	0.18432	0.048477	0.048477	40	7.989	17.460208
42	4.183488	-27.585221	2.67089	2.571435	0.079198	2.993654	0.388878	1.411035	5.690042	7.777301	0.483094	21.305786	29.040398	17.238994	0.111814	0.102518	0.119604	40	10.100303	23.040323
44	3.406885	-26.074133	1.730991	2.714412	0.10285	3.385337	0.484247	1.14124	5.997146	6.153176	0.161927	24.846864	27.018957	21.466386	0.183237	0.04445	0.05038	40	9.478871	20.936937
59	2.567755	-23.498004	2.058884	3.161495	0.040473	2.690884	0.51379	1.503211	4.58674	8.819066	0.216311	19.318742	41.319661	19.304624	0.103067	0.10558	0.10558	40	9.318891	19.626168
66	2.905391	-25.834952	1.413126	3.1697	0.089324	2.63678	0.326119	3.128441	4.389605	8.263267	0.647885	17.74532	35.541143	13.690985	0.184615	0.050383	0.050383	40	8.557639	19.298507
42	2.085255	-25.564105	3.799358	2.849156	0.062664	2.876732	0.346897	0.961295	5.978724	7.255843	0.549278	19.751891	11.030983	18.923205	0.099248	0.111303	0.111303	40	10.557053	22.712195
41	2.692694	-24.289923	1.576238	3.527148	0.07657	3.454325	0.461098	1.229204	5.919176	5.664518	0.202196	25.506908	36.327843	17.73097	0.181443	0.034982	0.034982	40	10.352954	22.417671
64	3.518136	-25.627609	2.111435	3.583668	0.045049	2.746393	0.429168	1.593865	4.734011	10.349198	0.519006	20.923897	33.312268	20.511447	0.149223	0.068791	0.068791	40	8.746399	19.45679
67	0.672183	-29.593531	1.494042	2.870131	0.052901	2.253327	0.289929	5.096495	4.25335	8.843436	0.695489	17.574543	39.648562	13.958443	0.18432	0.048784	0.048784	40	8.27523	17.246964
