0.000000	
0.000000	
0.000000	
0.000000	
0.000000	
0.000000	
0.000000	
0.000000	
0.000000	
0.000000	
0.000000	
0.000000	
0.000000	
0.000000	
0.000000	
0.000000	
0.000000	
0.000000	
0.000000	
0.000000	
0.000000	
0.000000	
0.000000	
0.000000	
0.000000	
0.000000	
0.000000	
0.000000	
0.000000	
0.000000	
0.000000	
0.000000	
0.000000	
0.000000	
0.000000	
0.000000	
0.000000	
0.000000	
0.000000	
0.000000	
0.000000	
0.000000	
0.000000	
0.000000	
0.000000	
0.000000	
0.000000	
0.000000	
0.000000	
0.000000	
0.000000	
0.000000	
0.000000	
0.000000	
0.000000	
0.000000	
0.000000	
0.000000	
0.000000	
0.000000	
0.000000	
0.000000	
0.000000	
0.000000	
0.000000	
0.000000	
0.000000	
0.000000	
0.000000	
0.000000	
0.000000	
0.000000	
0.000000	
0.000000	
0.000000	
0.000000	
0.000000	
0.000000	
0.000000	
0.000000	
0.000000	
0.000000	
0.000000	
0.000000	
0.000000	
0.000000	
0.000000	
0.000000	
0.000000	
0.000000	
0.000000	
0.000000	
0.000000	
0.000000	
0.000000	
0.000000	
0.000000	
0.000000	
0.000000	
0.000000	
0.000000	
0.000000	
0.000000	
0.000000	
0.000000	
0.000000	
0.000000	
0.000000	
0.000000	
0.000000	
0.000000	
0.000000	
0.000000	
0.000000	
0.000000	
0.000000	
0.000000	
0.000000	
0.000000	
0.000000	
0.000000	
0.000000	
0.000000	
0.000000	
0.000000	
0.000000	
0.000000	
0.000000	
0.000000	
0.000000	
0.000000	
0.000000	
0.000000	
0.000000	
0.000000	
0.000000	
0.000000	
0.000000	
0.000000	
0.000000	
0.000000	
0.000000	
0.000000	
0.000000	
0.000000	
0.000000	
0.000000	
0.000000	
0.000000	
0.000000	
0.000000	
0.000000	
0.000000	
0.000000	
0.000000	
0.000000	
0.000000	
0.000000	
0.000000	
0.000000	
0.000000	
0.000000	
0.000000	
0.000000	
0.000000	
0.000000	
0.000000	
0.000000	
0.000000	
0.000000	
0.000000	
0.000000	
0.000000	
0.000000	
0.000000	
0.000000	
0.000000	
0.000000	
0.000000	
0.000000	
0.000000	
0.000000	
0.000000	
0.000000	
0.000000	
0.000000	
0.000000	
0.000000	
0.000000	
0.000000	
0.000000	
0.000000	
0.000000	
0.000000	
0.000000	
0.000000	
0.000000	
0.000000	
0.000000	
0.000000	
0.000000	
7.194017	
7.776129	
8.294646	
8.767210	
9.204564	
9.613826	
10.000000	
10.366762	
10.716908	
11.052622	
11.375649	
11.687409	
11.989078	
12.281639	
12.565927	
12.842658	
13.112450	
13.375840	
13.633303	
13.885256	
14.132069	
14.374075	
14.611572	
14.844827	
15.074084	
15.299563	
15.521467	
15.739979	
15.955269	
16.167492	
16.376793	
16.583304	
16.787148	
16.988441	
17.187289	
17.383792	
17.578042	
17.770128	
17.960131	
18.148127	
18.334190	
18.518388	
18.700785	
18.881442	
19.060416	
19.237762	
19.413532	
19.587774	
19.760536	
19.931862	
20.101794	
20.270373	
20.437637	
20.603622	
20.768364	
20.931897	
21.094252	
21.255460	
21.415551	
21.574554	
21.732494	
21.889399	
22.045294	
22.200202	
22.354147	
22.507151	
22.659237	
22.810423	
22.960732	
23.110182	
23.258791	
23.406578	
23.553560	
23.699754	
23.845177	
23.989844	
24.133770	
24.276970	
24.419459	
24.561251	
24.702358	
24.842795	
24.982573	
25.121706	
25.260205	
25.398081	
25.535346	
25.672012	
25.808088	
25.943585	
26.078514	
26.212883	
26.346704	
26.479984	
26.612734	
26.744961	
26.876675	
27.007885	
27.138597	
27.268821	
27.398564	
27.527834	
27.656638	
27.784984	
27.912878	
28.040329	
28.167341	
28.293922	
28.420079	
28.545818	
28.671145	
28.796067	
28.920588	
29.044715	
29.168454	
29.291810	
29.414789	
29.537396	
29.659636	
29.781514	
29.903036	
30.024206	
30.145029	
30.265511	
30.385654	
30.505465	
30.624948	
30.744106	
30.862945	
30.981468	
31.099679	
31.217584	
31.335185	
31.452486	
31.569493	
31.686207	
31.802633	
31.918775	
32.034636	
32.150220	
32.265530	
32.380570	
32.495343	
32.609852	
32.724100	
32.838092	
32.951829	
33.065315	
33.178553	
33.291546	
33.404297	
33.516808	
33.629084	
33.741125	
33.852936	
33.964519	
34.075877	
34.187012	
34.297927	
34.408624	
34.519106	
34.629376	
34.739436	
34.849288	
34.958935	
35.068379	
35.177622	
35.286667	
35.395516	
35.504172	
35.612635	
35.720909	
35.828996	
35.936898	
36.044617	
36.152154	
36.259513	
36.366694	
36.473700	
36.580534	
36.687196	
36.793689	
36.900014	
37.006174	
37.112170	
37.218005	
37.323679	
37.429195	
37.534554	
37.639758	
37.744810	
37.849709	
37.954459	
38.059061	
38.163516	
38.267827	
38.371994	
38.476019	
38.579904	
38.683650	
38.787259	
38.890733	
38.994072	
39.097279	
39.200355	
39.303300	
39.406118	
39.508808	
39.611373	
39.713814	
39.816132	
39.918329	
40.020406	
40.122364	
40.224204	
40.325929	
40.427538	
40.529034	
40.630418	
40.731691	
40.832854	
40.933908	
41.034855	
41.135696	
41.236432	
41.337065	
41.437594	
41.538023	
41.638351	
41.738580	
41.838712	
41.938746	
42.038685	
42.138529	
42.238280	
42.337938	
42.437506	
42.536983	
42.636370	
42.735670	
42.834883	
42.934009	
43.033051	
43.132008	
43.230883	
43.329676	
43.428388	
43.527020	
43.625573	
43.724048	
43.822446	
43.920768	
44.019015	
44.117188	
44.215287	
44.313315	
44.411271	
44.509157	
44.606973	
44.704721	
44.802401	
44.900015	
44.997562	
45.095045	
45.192464	
45.289819	
45.387112	
45.484344	
45.581515	
45.678627	
45.775680	
45.872674	
45.969612	
46.066493	
46.163319	
46.260090	
46.356808	
46.453472	
46.550085	
46.646646	
46.743156	
46.839617	
46.936028	
47.032392	
47.128708	
47.224978	
47.321202	
47.417381	
47.513516	
47.609608	
47.705657	
47.801664	
47.897630	
47.993555	
48.089441	
48.185288	
48.281098	
48.376869	
48.472605	
48.568304	
48.663969	
48.759599	
48.855195	
48.950759	
49.046291	
49.141791	
49.237260	
49.332700	
49.428110	
49.523492	
49.618847	
49.714174	
49.809475	
49.904750	
50.000000	
50.095226	
50.190429	
50.285609	
50.380766	
50.475903	
50.571019	
50.666114	
50.761191	
50.856249	
50.951289	
51.046312	
51.141319	
51.236309	
51.331285	
51.426246	
51.521194	
51.616128	
51.711050	
51.805961	
51.900860	
51.995749	
52.090629	
52.185500	
52.280362	
52.375217	
52.470065	
52.564907	
52.659743	
52.754575	
52.849402	
52.944226	
53.039047	
53.133866	
53.228684	
53.323501	
53.418317	
53.513135	
53.607953	
53.702774	
53.797597	
53.892424	
53.987254	
54.082090	
54.176930	
54.271777	
54.366631	
54.461491	
54.556360	
54.651238	
54.746125	
54.841022	
54.935931	
55.030850	
55.125782	
55.220727	
55.315685	
55.410658	
55.505645	
55.600648	
55.695668	
55.790704	
55.885758	
55.980831	
56.075923	
56.171034	
56.266167	
56.361320	
56.456495	
56.551693	
56.646914	
56.742159	
56.837429	
56.932725	
57.028046	
57.123395	
57.218771	
57.314175	
57.409609	
57.505072	
57.600566	
57.696091	
57.791648	
57.887238	
57.982861	
58.078518	
58.174210	
58.269938	
58.365702	
58.461504	
58.557343	
58.653221	
58.749138	
58.845096	
58.941094	
59.037134	
59.133217	
59.229343	
59.325512	
59.421727	
59.517987	
59.614294	
59.710648	
59.807049	
59.903500	
60.000000	
60.096550	
60.193152	
60.289806	
60.386512	
60.483272	
60.580086	
60.676956	
60.773882	
60.870865	
60.967906	
61.065005	
61.162164	
61.259383	
61.356663	
61.454006	
61.551411	
61.648881	
61.746415	
61.844014	
61.941681	
62.039414	
62.137216	
62.235088	
62.333029	
62.431042	
62.529126	
62.627284	
62.725516	
62.823822	
62.922204	
63.020663	
63.119200	
63.217815	
63.316511	
63.415287	
63.514144	
63.613085	
63.712109	
63.811218	
63.910412	
64.009694	
64.109063	
64.208521	
64.308070	
64.407709	
64.507441	
64.607265	
64.707185	
64.807199	
64.907310	
65.007519	
65.107827	
65.208234	
65.308743	
65.409354	
65.510069	
65.610888	
65.711813	
65.812845	
65.913985	
66.015235	
66.116596	
66.218068	
66.319654	
66.421355	
66.523171	
66.625104	
66.727156	
66.829328	
66.931621	
67.034036	
67.136575	
67.239240	
67.342031	
67.444950	
67.547998	
67.651178	
67.754489	
67.857935	
67.961516	
68.065234	
68.169090	
68.273086	
68.377223	
68.481504	
68.585929	
68.690500	
68.795219	
68.900088	
69.005108	
69.110280	
69.215607	
69.321090	
69.426731	
69.532532	
69.638495	
69.744621	
69.850912	
69.957370	
70.063997	
70.170794	
70.277764	
70.384909	
70.492231	
70.599731	
70.707412	
70.815276	
70.923324	
71.031559	
71.139983	
71.248599	
71.357407	
71.466412	
71.575614	
71.685016	
71.794620	
71.904430	
72.014446	
72.124672	
72.235110	
72.345763	
72.456632	
72.567721	
72.679032	
72.790569	
72.902332	
73.014326	
73.126552	
73.239015	
73.351716	
73.464658	
73.577845	
73.691280	
73.804964	
73.918903	
74.033097	
74.147552	
74.262270	
74.377254	
74.492508	
74.608035	
74.723838	
74.839921	
74.956289	
75.072943	
75.189888	
75.307128	
75.424667	
75.542508	
75.660656	
75.779114	
75.897887	
76.016978	
76.136393	
76.256135	
76.376210	
76.496621	
76.617373	
76.738470	
76.859919	
76.981723	
77.103887	
77.226418	
77.349319	
77.472596	
77.596255	
77.720302	
77.844741	
77.969579	
78.094821	
78.220474	
78.346544	
78.473037	
78.599959	
78.727318	
78.855120	
78.983371	
79.112080	
79.241252	
79.370897	
79.501020	
79.631631	
79.762736	
79.894345	
80.026465	
80.159106	
80.292275	
80.425983	
80.560238	
80.695050	
80.830428	
80.966384	
81.102926	
81.240066	
81.377815	
81.516183	
81.655184	
81.794827	
81.935126	
82.076093	
82.217742	
82.360085	
82.503137	
82.646911	
82.791423	
82.936688	
83.082721	
83.229538	
83.377157	
83.525594	
83.674868	
83.824997	
83.976000	
84.127897	
84.280709	
84.434457	
84.589164	
84.744852	
84.901545	
85.059269	
85.218049	
85.377912	
85.538886	
85.701001	
85.864286	
86.028775	
86.194500	
86.361495	
86.529798	
86.699446	
86.870480	
87.042940	
87.216872	
87.392321	
87.569336	
87.747968	
87.928271	
88.110302	
88.294121	
88.479792	
88.667382	
88.856962	
89.048610	
89.242404	
89.438432	
89.636786	
89.837563	
90.040869	
90.246817	
90.455528	
90.667134	
90.881775	
91.099606	
91.320791	
91.545513	
91.773969	
92.006376	
92.242971	
92.484019	
92.729809	
92.980667	
93.236954	
93.499078	
93.767500	
94.042744	
94.325410	
94.616191	
94.915895	
95.225472	
95.546055	
95.879006	
96.225996	
96.589105	
96.970985	
97.375100	
97.806128	
98.270658	
98.778496	
99.345420	
100.000000	
100.000000	
100.000000	
100.000000	
100.000000	
100.000000	
100.000000	
100.000000	
100.000000	
100.000000	
100.000000	
100.000000	
100.000000	
100.000000	
100.000000	
100.000000	
100.000000	
100.000000	
100.000000	
100.000000	
100.000000	
100.000000	
100.000000	
100.000000	
100.000000	
100.000000	
100.000000	
100.000000	
100.000000	
100.000000	
100.000000	
100.000000	
100.000000	
100.000000	
100.000000	
100.000000	
100.000000	
100.000000	
100.000000	
100.000000	
100.000000	
100.000000	
100.000000	
100.000000	
100.000000	
100.000000	
100.000000	
100.000000	
100.000000	
100.000000	
100.000000	
100.000000	
100.000000	
100.000000	
100.000000	
100.000000	
100.000000	
100.000000	
100.000000	
100.000000	
100.000000	
100.000000	
100.000000	
100.000000	
100.000000	
100.000000	
100.000000	
100.000000	
100.000000	
100.000000	
100.000000	
100.000000	
100.000000	
100.000000	
100.000000	
100.000000	
100.000000	
100.000000	
100.000000	
100.000000	
100.000000	
100.000000	
100.000000	
100.000000	
100.000000	
100.000000	
100.000000	
100.000000	
100.000000	
100.000000	
100.000000	
100.000000	
100.000000	
100.000000	
100.000000	
100.000000	
100.000000	
100.000000	
100.000000	
100.000000	
100.000000	
