4.156250	
3.541667	
3.031250	
4.250000	
3.135417	
3.822917	
4.218750	
3.822917	
3.729167	
3.145833	
3.750000	
3.437500	
3.333333	
3.166667	
2.635417	
3.781250	
3.635417	
3.260417	
3.354167	
2.281250	
2.770833	
2.614583	
1.989583	
3.135417	
2.895833	
2.833333	
2.791667	
2.020833	
3.229167	
3.302083	
3.364583	
2.322917	
2.541667	
2.791667	
2.052083	
2.395833	
1.177083	
1.510417	
2.104167	
2.989583	
3.635417	
4.062500	
4.354167	
4.270833	
3.520833	
2.843750	
2.302083	
3.385417	
2.687500	
3.187500	
3.562500	
3.281250	
3.270833	
2.687500	
3.166667	
2.906250	
2.635417	
2.937500	
2.239583	
3.291667	
3.187500	
2.625000	
2.781250	
2.281250	
2.281250	
2.375000	
1.791667	
2.520833	
2.322917	
2.333333	
2.333333	
1.750000	
2.750000	
2.625000	
2.531250	
2.322917	
2.072917	
2.604167	
1.697917	
1.729167	
1.104167	
1.416667	
2.239583	
3.020833	
3.510417	
3.718750	
3.677083	
3.802083	
3.906250	
3.385417	
2.645833	
3.927083	
3.187500	
3.708333	
4.312500	
3.520833	
3.666667	
2.895833	
3.739583	
3.531250	
3.229167	
3.208333	
2.343750	
3.479167	
3.614583	
3.416667	
3.281250	
2.291667	
2.677083	
2.447917	
2.020833	
3.166667	
2.875000	
2.906250	
2.500000	
1.708333	
3.250000	
3.135417	
3.114583	
2.208333	
1.906250	
2.572917	
1.822917	
1.781250	
1.312500	
2.114583	
2.947917	
3.458333	
4.166667	
4.250000	
4.239583	
4.322917	
4.208333	
3.864583	
3.583333	
3.875000	
3.145833	
3.510417	
3.145833	
2.843750	
2.927083	
2.760417	
3.489583	
2.906250	
2.770833	
3.104167	
2.229167	
3.447917	
2.906250	
2.739583	
2.906250	
2.687500	
3.750000	
3.364583	
3.156250	
2.302083	
3.125000	
2.822917	
2.635417	
1.916667	
3.458333	
2.875000	
2.385417	
1.593750	
3.739583	
3.385417	
2.677083	
2.635417	
4.270833	
3.614583	
3.791667	
3.427083	
2.156250	
2.770833	
3.656250	
4.187500	
4.468750	
4.677083	
4.687500	
3.708333	
3.645833	
3.375000	
4.302083	
3.791667	
3.822917	
3.354167	
3.145833	
3.093750	
2.812500	
2.468750	
2.145833	
1.947917	
2.802083	
2.489583	
2.072917	
2.166667	
1.635417	
2.812500	
2.677083	
2.572917	
2.093750	
2.083333	
4.125000	
3.614583	
3.489583	
2.729167	
2.229167	
2.552083	
2.083333	
1.291667	
3.864583	
3.020833	
2.145833	
1.447917	
3.729167	
3.489583	
2.708333	
2.312500	
4.385417	
2.989583	
2.760417	
2.729167	
2.218750	
3.177083	
3.791667	
4.197917	
4.406250	
4.635417	
4.604167	
3.072917	
2.645833	
2.708333	
3.333333	
2.677083	
2.802083	
2.791667	
2.395833	
2.364583	
1.979167	
1.875000	
1.864583	
1.885417	
2.239583	
1.718750	
1.645833	
1.791667	
1.468750	
2.197917	
1.927083	
1.812500	
1.791667	
1.895833	
3.104167	
2.645833	
2.270833	
2.093750	
2.093750	
2.406250	
1.552083	
1.114583	
2.802083	
1.885417	
1.604167	
1.145833	
3.010417	
2.458333	
1.979167	
1.843750	
3.583333	
2.447917	
2.322917	
2.229167	
1.791667	
2.468750	
3.052083	
3.583333	
3.750000	
4.020833	
3.854167	
2.479167	
2.333333	
2.177083	
3.833333	
3.145833	
3.343750	
3.604167	
3.187500	
2.958333	
2.708333	
2.375000	
2.406250	
2.114583	
2.739583	
2.375000	
2.104167	
2.281250	
1.906250	
2.656250	
2.510417	
2.270833	
2.333333	
2.333333	
3.187500	
2.656250	
2.625000	
2.239583	
2.041667	
2.135417	
1.843750	
1.489583	
3.229167	
2.437500	
1.989583	
1.427083	
3.437500	
2.833333	
2.375000	
2.145833	
3.968750	
3.031250	
2.885417	
2.833333	
2.020833	
3.041667	
3.552083	
4.187500	
4.312500	
4.468750	
4.281250	
3.197917	
2.937500	
3.083333	
